Str Size|Edit Diff|Comm (bits)|Time Set(s)|Time Str(s)|Space (bits)|Set Recon True|Str Recon True
400 1 6617 0.001187 0.128118 0 1 1
400 1 6951 0.001152 7.430501 0 1 1
400 1 6036 0.000913 1.344949 0 1 1
400 1 10851 0.001163 0.153338 0 1 1
400 1 7465 0.000896 299.999759 0 1 0
400 1 7209 0.001116 299.998397 0 1 0
400 1 5562 0.001099 0.009752 0 1 1
400 1 6132 0.001147 0.018567 0 1 1
400 1 6430 0.001147 0.032211 0 1 1
400 1 5981 0.001152 128.547664 0 1 1
400 1 6006 0.001108 0.199341 0 1 1
400 1 7707 0.001319 299.998251 0 1 0
400 1 6874 0.001152 0.475063 0 1 1
400 1 5982 0.001242 299.998254 0 1 0
400 1 6172 0.001082 299.999777 0 1 0
400 1 5811 0.000846 299.998818 0 1 0
400 1 7398 0.001149 15.626385 0 1 1
400 1 8362 0.000945 299.998411 0 1 0
400 1 6476 0.001133 299.999439 0 1 0
400 1 6298 0.001178 0.052477 0 1 1
400 2 11310 0.001183 3.609942 0 1 1
400 2 11534 0.001256 54.881540 0 1 1
400 2 8429 0.001279 0.174148 0 1 1
400 2 8711 0.000997 0.719902 0 1 1
400 2 7428 0.001129 0.133833 0 1 1
400 2 12495 0.001189 299.999293 0 1 0
400 2 10322 0.001518 28.574850 0 1 1
400 2 8258 0.000947 299.999016 0 1 0
400 2 6135 0.000934 299.999144 0 1 0
400 2 8256 0.001271 0.010057 0 1 1
400 2 7371 0.001330 0.298726 0 1 1
400 2 13488 0.001181 36.605645 0 1 1
400 2 10037 0.001355 0.124877 0 1 1
400 2 11543 0.001376 0.318304 0 1 1
400 2 7218 0.001134 0.270315 0 1 1
400 2 7843 0.001211 0.032353 0 1 1
400 2 14508 0.001393 161.654989 0 1 1
400 2 10546 0.001067 1.777351 0 1 1
400 2 8922 0.001198 0.247477 0 1 1
400 2 7977 0.001198 0.212231 0 1 1
400 3 10213 0.001387 299.999425 0 1 0
400 3 9823 0.001410 3.235332 0 1 1
400 3 9956 0.001579 0.011581 0 1 1
400 3 16090 0.001334 0.157949 0 1 1
400 3 9448 0.001039 0.786880 0 1 1
400 3 11280 0.001432 0.162197 0 1 1
400 3 11968 0.001547 0.740090 0 1 1
400 3 9192 0.001282 0.332218 0 1 1
400 3 11254 0.001066 300.000113 0 1 0
400 3 11686 0.001414 299.998991 0 1 0
400 3 10076 0.001162 2.657014 0 1 1
400 3 11190 0.001371 0.233917 0 1 1
400 3 8929 0.000976 299.996658 0 1 0
400 3 14832 0.001103 299.998273 0 1 0
400 3 17089 0.001380 24.530332 0 1 1
400 3 14238 0.001359 69.537762 0 1 1
400 3 8999 0.001320 0.472246 0 1 1
400 3 11462 0.001004 299.984250 0 1 0
400 3 8657 0.001293 0.220833 0 1 1
400 3 14366 0.001357 0.170788 0 1 1
400 4 14041 0.001466 0.029531 0 1 1
400 4 15590 0.001413 92.280325 0 1 1
400 4 14088 0.001382 1.051155 0 1 1
400 4 10953 0.001427 0.009777 0 1 1
400 4 13461 0.001432 5.446897 0 1 1
400 4 11794 0.001366 0.070964 0 1 1
400 4 13482 0.001365 1.124849 0 1 1
400 4 12057 0.001398 0.125535 0 1 1
400 4 10814 0.001573 18.031414 0 1 1
400 4 13512 0.001452 0.106917 0 1 1
400 4 11991 0.001483 0.845173 0 1 1
400 4 11694 0.001281 24.853939 0 1 1
400 4 14125 0.001583 2.849261 0 1 1
400 4 12746 0.001713 0.020670 0 1 1
400 4 13806 0.001420 0.030361 0 1 1
400 4 16976 0.001114 299.993262 0 1 0
400 4 11715 0.001025 299.998247 0 1 0
400 4 13954 0.001487 15.611893 0 1 1
400 4 11675 0.001489 0.286136 0 1 1
400 4 17164 0.001395 0.824322 0 1 1
400 5 13758 0.001390 0.018542 0 1 1
400 5 18072 0.001950 0.154511 0 1 1
400 5 15876 0.001468 0.480556 0 1 1
400 5 14899 0.001141 15.616055 0 1 1
400 5 12760 0.001699 0.442652 0 1 1
400 5 12608 0.001399 0.033044 0 1 1
400 5 14837 0.001575 0.009449 0 1 1
400 5 14693 0.001497 0.093467 0 1 1
400 5 13690 0.001388 0.773175 0 1 1
400 5 16097 0.001735 0.016598 0 1 1
400 5 16532 0.001508 0.198591 0 1 1
400 5 12983 0.001427 0.958120 0 1 1
400 5 15587 0.001450 82.568150 0 1 1
400 5 18903 0.001864 0.074843 0 1 1
400 5 17628 0.001472 27.029651 0 1 1
400 5 12960 0.001376 0.452121 0 1 1
400 5 13584 0.001485 0.057985 0 1 1
400 5 17670 0.001450 299.991760 0 1 0
400 5 11860 0.001359 1.942864 0 1 1
400 5 11886 0.001518 162.092228 0 1 1
400 6 16953 0.001591 2.372338 0 1 1
400 6 12887 0.001374 199.427776 0 1 1
400 6 13709 0.001499 0.026735 0 1 1
400 6 13979 0.001136 299.998769 0 1 0
400 6 15600 0.001610 0.042750 0 1 1
400 6 20561 0.001563 184.249738 0 1 1
400 6 14919 0.001644 0.017886 0 1 1
400 6 20540 0.001309 299.997943 0 1 0
400 6 13269 0.001468 1.354131 0 1 1
400 6 20579 0.001796 0.009754 0 1 1
400 6 15021 0.001470 0.011878 0 1 1
400 6 15203 0.001275 28.087888 0 1 1
400 6 19009 0.001683 2.227643 0 1 1
400 6 17947 0.001755 0.010976 0 1 1
400 6 20857 0.001532 2.909021 0 1 1
400 6 14961 0.001757 5.976940 0 1 1
400 6 18656 0.001611 1.318578 0 1 1
400 6 14122 0.001330 299.995763 0 1 0
400 6 15614 0.001634 0.035909 0 1 1
400 6 22135 0.001329 299.998284 0 1 0
600 1 6759 0.001211 1.409612 0 1 1
600 1 6157 0.001285 299.999205 0 1 0
600 1 6755 0.001146 299.997401 0 1 0
600 1 222 0.000538 299.999878 0 1 0
600 1 5834 0.001131 1.849178 0 1 1
600 1 7269 0.001260 6.406560 0 1 1
600 1 6626 0.001231 51.966020 0 1 1
600 1 7402 0.001245 0.113729 0 1 1
600 1 6802 0.001329 300.000055 0 1 0
600 1 6908 0.001047 300.001267 0 1 0
600 1 6434 0.001186 300.000219 0 1 0
600 1 6792 0.001269 34.766233 0 1 1
600 1 7243 0.001231 51.811345 0 1 1
600 1 6302 0.001119 300.000257 0 1 0
600 1 6505 0.001534 300.000591 0 1 0
600 1 7272 0.001224 0.058696 0 1 1
600 1 7262 0.001207 299.999698 0 1 0
600 1 8851 0.001252 300.000986 0 1 0
600 1 9421 0.001220 0.061357 0 1 1
600 1 6304 0.001221 61.014330 0 1 1
600 3 8118 0.001061 300.000346 0 1 0
600 3 14818 0.001641 0.022446 0 1 1
600 3 12170 0.001464 0.107758 0 1 1
600 3 11530 0.001449 9.733689 0 1 1
600 3 11527 0.001460 0.255931 0 1 1
600 3 18828 0.001431 69.019258 0 1 1
600 3 13542 0.001397 54.398987 0 1 1
600 3 11381 0.001327 0.037550 0 1 1
600 3 21419 0.001542 300.000554 0 1 0
600 3 12530 0.001224 300.000610 0 1 0
600 3 10851 0.001270 300.000795 0 1 0
600 3 10093 0.001520 300.000262 0 1 0
600 3 15212 0.001255 75.957698 0 1 1
600 3 14178 0.001555 299.998870 0 1 0
600 3 14358 0.001482 300.000976 0 1 0
600 3 13163 0.001191 300.000589 0 1 0
600 3 12519 0.001566 300.000119 0 1 0
600 3 8830 0.001101 300.000267 0 1 0
600 3 12416 0.001582 113.735115 0 1 1
600 3 11197 0.001517 0.121706 0 1 1
600 4 17146 0.001619 299.999101 0 1 0
600 4 12026 0.001485 300.000105 0 1 0
600 4 18041 0.001654 3.637624 0 1 1
600 4 20348 0.001559 300.000131 0 1 0
600 4 12660 0.001551 3.040523 0 1 1
600 4 18200 0.001537 300.000522 0 1 0
600 4 13442 0.001599 0.075388 0 1 1
600 4 19146 0.001575 1.047840 0 1 1
600 4 15099 0.001595 300.001297 0 1 0
600 4 15355 0.001530 300.001246 0 1 0
600 4 17286 0.001673 25.679536 0 1 1
600 4 16738 0.001214 299.998298 0 1 0
600 4 14246 0.001589 6.619389 0 1 1
600 4 13143 0.001582 0.032196 0 1 1
600 4 15929 0.002003 0.195353 0 1 1
600 4 17580 0.001625 0.206236 0 1 1
600 4 15988 0.001669 2.494853 0 1 1
600 4 14739 0.001667 0.332465 0 1 1
600 4 17392 0.001570 299.997206 0 1 0
600 4 15871 0.001581 58.891177 0 1 1
600 6 18538 0.001869 3.111017 0 1 1
600 6 22184 0.001906 0.554658 0 1 1
600 6 20495 0.001289 299.999566 0 1 0
600 6 16564 0.001358 300.000448 0 1 0
600 6 19970 0.001394 300.001017 0 1 0
600 6 14756 0.001615 0.020471 0 1 1
600 6 23307 0.001688 0.317293 0 1 1
600 6 18403 0.001922 0.240723 0 1 1
600 6 18824 0.001714 7.938701 0 1 1
600 6 22024 0.001811 299.998556 0 1 0
600 6 23378 0.002062 41.775258 0 1 1
600 6 22565 0.001691 300.000490 0 1 0
600 6 19464 0.001915 11.729035 0 1 1
600 6 15909 0.001624 1.132614 0 1 1
600 6 25729 0.001840 299.999790 0 1 0
600 6 18423 0.001819 2.069665 0 1 1
600 6 16262 0.001290 300.001387 0 1 0
600 6 22903 0.001878 1.020005 0 1 1
600 6 31233 0.001827 172.307984 0 1 1
600 6 19954 0.001828 23.228162 0 1 1
600 7 21315 0.001389 300.000600 0 1 0
600 7 26452 0.002079 0.381749 0 1 1
600 7 22697 0.002202 0.496184 0 1 1
600 7 20465 0.001531 300.000942 0 1 0
600 7 22566 0.001434 300.000541 0 1 0
600 7 17779 0.001247 300.001566 0 1 0
600 7 25047 0.001680 299.997383 0 1 0
600 7 21885 0.001913 0.400660 0 1 1
600 7 24655 0.002053 0.173913 0 1 1
600 7 10440 0.001146 299.998476 0 1 0
600 7 22870 0.002244 0.350767 0 1 1
600 7 20586 0.001699 11.608420 0 1 1
600 7 27795 0.002023 9.995240 0 1 1
600 7 27952 0.001905 299.999709 0 1 0
600 7 29114 0.001630 299.999257 0 1 0
600 7 14441 0.001672 2.045660 0 1 1
600 7 18476 0.001917 247.608632 0 1 1
600 7 22449 0.001861 13.042630 0 1 1
600 7 21256 0.001971 0.274232 0 1 1
600 7 26115 0.001478 299.998466 0 1 0
600 9 23661 0.002180 0.729895 0 1 1
600 9 27852 0.002646 59.460868 0 1 1
600 9 22863 0.001983 0.131290 0 1 1
600 9 25667 0.002237 3.051296 0 1 1
600 9 30158 0.002021 300.000907 0 1 0
600 9 30839 0.002088 299.998622 0 1 0
600 9 24130 0.001977 22.879982 0 1 1
600 9 28381 0.002163 21.359252 0 1 1
600 9 32419 0.002186 1.648618 0 1 1
600 9 26712 0.002037 299.999945 0 1 0
600 9 31254 0.001576 108.415758 0 1 1
600 9 27714 0.002321 265.205312 0 1 1
600 9 23808 0.002115 22.581362 0 1 1
600 9 20710 0.002191 1.923547 0 1 1
600 9 30371 0.001670 299.999159 0 1 0
600 9 26005 0.002169 0.159673 0 1 1
600 9 26838 0.002053 300.000509 0 1 0
600 9 37819 0.002543 1.036390 0 1 1
600 9 27134 0.002004 300.001151 0 1 0
600 9 30668 0.002078 300.000125 0 1 0
800 2 10101 0.001766 300.002270 0 1 0
800 2 10906 0.001168 300.000188 0 1 0
800 2 10091 0.001430 300.001645 0 1 0
800 2 11651 0.001446 300.000277 0 1 0
800 2 11506 0.001594 300.002435 0 1 0
800 2 11079 0.001031 300.000838 0 1 0
800 2 7863 0.001309 300.001168 0 1 0
800 2 9805 0.001652 300.001494 0 1 0
800 2 9718 0.001432 300.001307 0 1 0
800 2 9412 0.001001 300.001244 0 1 0
800 2 12632 0.001462 300.003499 0 1 0
800 2 10830 0.001529 300.002664 0 1 0
800 2 8065 0.001360 12.103435 0 1 1
800 2 10563 0.001799 300.002662 0 1 0
800 2 9141 0.001445 300.003182 0 1 0
800 2 6609 0.001316 299.999913 0 1 0
800 2 13430 0.001218 300.003229 0 1 0
800 2 10343 0.001178 300.000641 0 1 0
800 2 12090 0.001598 299.993811 0 1 0
800 2 8068 0.001136 300.001124 0 1 0
800 4 18269 0.001611 300.002198 0 1 0
800 4 16824 0.001423 299.964032 0 1 0
800 4 26034 0.001682 300.001827 0 1 0
800 4 14103 0.001802 300.002487 0 1 0
800 4 28545 0.001187 300.001793 0 1 0
800 4 13222 0.001376 300.003076 0 1 0
800 4 17167 0.001726 4.056014 0 1 1
800 4 16072 0.001711 300.001471 0 1 0
800 4 16051 0.001775 95.582212 0 1 1
800 4 14760 0.001705 300.000279 0 1 0
800 4 17395 0.002030 97.138372 0 1 1
800 4 16656 0.001722 300.001921 0 1 0
800 4 17095 0.001329 300.002441 0 1 0
800 4 14935 0.001702 34.053867 0 1 1
800 4 17868 0.001801 300.001345 0 1 0
800 4 16598 0.001948 114.448900 0 1 1
800 4 14855 0.001703 300.001163 0 1 0
800 4 15370 0.001744 300.000844 0 1 0
800 4 10589 0.001536 300.002784 0 1 0
800 4 12576 0.001245 300.001522 0 1 0
800 6 21846 0.002059 300.001049 0 1 0
800 6 20626 0.001638 300.000024 0 1 0
800 6 28890 0.001264 300.000958 0 1 0
800 6 22628 0.002003 300.001204 0 1 0
800 6 23720 0.002032 53.047122 0 1 1
800 6 30752 0.001709 300.003209 0 1 0
800 6 22933 0.002027 300.001808 0 1 0
800 6 24191 0.001433 300.002434 0 1 0
800 6 26201 0.001888 299.999976 0 1 0
800 6 22530 0.002157 2.373909 0 1 1
800 6 19564 0.002108 236.151254 0 1 1
800 6 21037 0.002023 6.050764 0 1 1
800 6 27475 0.001711 299.998205 0 1 0
800 6 20602 0.001734 300.001794 0 1 0
800 6 24142 0.002067 300.002098 0 1 0
800 6 19853 0.002012 300.002686 0 1 0
800 6 26903 0.001628 300.001504 0 1 0
800 6 21852 0.002095 300.000353 0 1 0
800 6 19741 0.002051 300.001686 0 1 0
800 6 35261 0.001674 300.001980 0 1 0
800 8 30367 0.002437 300.002615 0 1 0
800 8 29983 0.002095 300.000654 0 1 0
800 8 33906 0.002009 300.000728 0 1 0
800 8 23645 0.002059 13.327573 0 1 1
800 8 29441 0.002283 299.999529 0 1 0
800 8 27033 0.002384 253.994944 0 1 1
800 8 28983 0.002356 300.001282 0 1 0
800 8 23009 0.001731 300.000476 0 1 0
800 8 24685 0.002341 63.894131 0 1 1
800 8 28205 0.001820 300.001709 0 1 0
800 8 24171 0.002612 2.482377 0 1 1
800 8 26856 0.001890 300.001741 0 1 0
800 8 21424 0.002037 2.100724 0 1 1
800 8 25199 0.002123 300.002828 0 1 0
800 8 20283 0.002121 104.155716 0 1 1
800 8 31672 0.002420 300.000590 0 1 0
800 8 29995 0.002393 60.855703 0 1 1
800 8 24581 0.002298 300.002405 0 1 0
800 8 25780 0.002224 243.305014 0 1 1
800 8 31309 0.002525 15.777339 0 1 1
800 10 28900 0.002662 299.994540 0 1 0
800 10 30251 0.002402 300.000961 0 1 0
800 10 32902 0.002706 300.002666 0 1 0
800 10 31350 0.002562 300.002357 0 1 0
800 10 29671 0.002536 2.441664 0 1 1
800 10 31364 0.002559 300.002602 0 1 0
800 10 31714 0.002366 300.001930 0 1 0
800 10 31047 0.002207 300.000965 0 1 0
800 10 23607 0.001900 300.001848 0 1 0
800 10 40009 0.002422 300.002307 0 1 0
800 10 28449 0.002444 300.000538 0 1 0
800 10 42702 0.002308 300.001222 0 1 0
800 10 25898 0.001316 300.002394 0 1 0
800 10 32757 0.002300 300.002735 0 1 0
800 10 38709 0.002804 2.219646 0 1 1
800 10 29456 0.002406 300.000138 0 1 0
800 10 28948 0.002128 300.000120 0 1 0
800 10 47255 0.002177 300.002155 0 1 0
800 10 33590 0.002575 300.002510 0 1 0
800 10 27583 0.002676 260.234612 0 1 1
800 12 40683 0.002311 300.001103 0 1 0
800 12 40062 0.002277 300.002431 0 1 0
800 12 41668 0.002801 300.001873 0 1 0
800 12 32493 0.003065 1.300937 0 1 1
800 12 35354 0.002330 300.000909 0 1 0
800 12 40542 0.001901 299.995288 0 1 0
800 12 33893 0.002790 300.002354 0 1 0
800 12 33035 0.002899 85.178679 0 1 1
800 12 38642 0.002777 107.495929 0 1 1
800 12 32263 0.002377 300.001547 0 1 0
800 12 30072 0.001397 300.001428 0 1 0
800 12 37646 0.002264 299.999856 0 1 0
800 12 37611 0.001809 300.002030 0 1 0
800 12 31333 0.001852 300.001967 0 1 0
800 12 36170 0.002352 300.001429 0 1 0
800 12 30044 0.002392 300.000055 0 1 0
800 12 34744 0.002629 65.960970 0 1 1
800 12 36100 0.002576 300.001465 0 1 0
800 12 40192 0.002978 1.654373 0 1 1
800 12 39682 0.001724 299.999968 0 1 0
