Str Size|Edit Diff|Comm (bits)|Time Set(s)|Time Str(s)|Space (bits)
40 0 25250 0.021948 0.001127 18878464
40 0 25239 0.022523 0.000572 1048576
40 1 25071 0.022976 0.000565 0
40 1 25570 0.023318 0.000565 0
40 2 25673 0.023979 0.000647 8388608
40 2 26183 0.024331 0.000603 0
40 2 26155 0.024525 0.000594 0
40 3 25615 0.033061 0.000607 0
40 3 26446 0.032026 0.000858 0
40 4 27565 0.027215 0.000579 0
40 4 26568 0.026168 0.000606 0
40 4 26638 0.028947 0.000622 0
40 5 27273 0.027972 0.000797 0
40 5 28865 0.028570 0.000580 0
40 6 31481 0.030468 0.000568 0
40 6 27569 0.025963 0.000584 0
40 6 26704 0.026661 0.000574 0
40 7 27946 0.028090 0.000576 0
40 7 27132 0.027009 0.000561 0
40 8 27690 0.026260 0.000600 0
