Str Size|Edit Diff|Comm (bits)|Time Set(s)|Time Str(s)|Space (bits)|Set Recon True|Str Recon True
400 1 26954 0.060541 0.018511 638784 0 1
400 2 27840 0.089757 0.027028 648288 0 1
400 3 28457 0.081459 0.030037 583376 0 1
400 4 28848 0.082329 0.013083 610384 0 1
400 5 30992 0.084974 0.014743 645120 0 1
400 6 30971 0.070332 0.013469 659380 0 1
600 1 27621 0.078931 0.025737 1127528 0 1
600 3 30032 0.107885 0.024565 1127524 0 1
600 4 33273 0.120000 0.065583 1120400 0 1
600 6 38798 0.127978 0.024644 1127576 0 1
600 7 37904 0.139695 0.028105 1127524 0 1
600 9 36881 0.134493 0.037761 1122876 0 1
800 2 29680 0.140629 0.044565 1138112 0 1
800 4 34614 0.164300 0.081845 1131616 0 1
800 6 44830 0.178297 0.042922 1137520 0 1
800 8 44509 0.196289 0.138680 1131128 0 1
800 10 34473 0.170519 0.104216 1131732 0 1
800 12 38518 0.165112 0.134471 1124996 0 1
1000 2 28840 0.192258 3.601355 1108088 0 1
1000 5 33051 0.185171 1.791712 1123752 0 1
1000 7 39747 0.198158 0.304202 1139176 0 1
1000 10 58119 0.220711 0.065422 1143928 0 1
1000 12 42435 0.191188 0.179382 1139812 0 1
1000 15 40550 0.195537 0.145441 1139968 0 1
1400 3 35900 0.248212 0.119991 1221964 0 1
1400 7 55149 0.267291 6.427935 1199036 0 1
1400 10 43688 0.251395 0.240654 1210608 0 1
1400 14 55082 0.269994 0.862595 1205368 0 1
1400 17 59227 0.281114 0.268335 1200056 0 1
1400 21 53128 0.300028 0.205542 1172012 0 1
