Str Size|Edit Diff|Comm (bits)|Time Set(s)|Time Str(s)|Space (bits)|Set Recon True|Str Recon True
600 3 1185 0.038700 1.837846 5376 1 1
600 6 2261 0.035600 1.847066 0 1 1
600 9 4409 0.041337 1.865659 0 1 1
600 12 4409 0.043771 1.882307 0 1 1
600 15 8700 3.815550 5.554605 0 1 1
800 4 2260 0.005933 3.169595 0 0 1
800 8 4409 0.469653 2.870301 3972 1 1
800 12 4409 0.061749 2.555607 3752 1 1
800 16 8700 0.076899 2.611448 3908 1 1
800 20 8700 0.067266 2.792105 3888 1 1
1000 5 2260 0.183195 3.443496 6712 1 1
1000 10 4409 0.775059 3.700529 6540 1 1
1000 15 8701 0.093555 3.110341 6736 1 1
1000 20 8701 0.411866 3.349083 6532 1 1
1000 25 8701 0.207383 3.146889 6512 1 1
1400 7 4667 5.557795 9.747091 14376 1 1
1400 14 9214 34.070463 38.433712 14124 1 1
1400 21 9215 0.218183 4.435341 14172 1 1
1400 28 18307 0.542078 4.844073 14308 1 1
1400 35 18307 1.586309 5.696241 13784 1 1
