Str Size|Edit Diff|Comm (bits)|Time Set(s)|Time Str(s)|Space (bits)|Set Recon True|Str Recon True
400 1 542 0.001159 299.913563 0 1 0
400 1 543 0.001155 1.417199 0 1 1
400 1 543 0.001130 299.997654 0 1 0
400 1 543 0.001132 50.158978 0 1 1
400 1 543 0.001137 6.035657 0 1 1
400 1 543 0.001193 0.073010 0 1 1
400 1 543 0.001111 15.410519 0 1 1
400 1 543 0.001088 299.998440 0 1 0
400 1 543 0.001111 299.991323 0 1 0
400 1 542 0.001108 0.277387 0 1 1
400 1 543 0.001160 0.114892 0 1 1
400 1 543 0.001153 300.000062 0 1 0
400 1 542 0.001093 9.938288 0 1 1
400 1 543 0.001106 0.117824 0 1 1
400 1 542 0.001056 1.122943 0 1 1
400 1 543 0.001120 300.001053 0 1 0
400 1 543 0.001113 0.167662 0 1 1
400 1 319 0.000883 7.654894 0 1 1
400 1 543 0.001148 0.040849 0 1 1
400 1 543 0.001171 63.546586 0 1 1
400 2 987 0.001541 0.028341 0 1 1
400 2 987 0.001553 0.061975 0 1 1
400 2 987 0.001497 0.040346 0 1 1
400 2 987 0.001482 299.999514 0 1 0
400 2 987 0.001530 45.210318 0 1 1
400 2 543 0.001265 0.013973 0 1 1
400 2 986 0.001422 299.999588 0 1 0
400 2 987 0.001498 2.286623 0 1 1
400 2 987 0.001431 0.009600 0 1 1
400 2 987 0.001473 0.934021 0 1 1
400 2 987 0.001527 0.542194 0 1 1
400 2 543 0.001184 300.000660 0 1 0
400 2 543 0.001298 41.222543 0 1 1
400 2 987 0.001549 299.999429 0 1 0
400 2 987 0.001473 299.999425 0 1 0
400 2 987 0.001564 299.922612 0 1 0
400 2 987 0.001498 0.633768 0 1 1
400 2 987 0.001558 0.297790 0 1 1
400 2 987 0.001485 300.001644 0 1 0
400 2 987 0.001478 79.470014 0 1 1
400 3 987 0.001674 300.001552 0 1 0
400 3 987 0.001569 300.001724 0 1 0
400 3 987 0.001683 0.012877 0 1 1
400 3 987 0.001765 0.081191 0 1 1
400 3 987 0.001674 4.421297 0 1 1
400 3 987 0.001724 299.998202 0 1 0
400 3 987 0.001688 178.025831 0 1 1
400 3 987 0.001848 3.727331 0 1 1
400 3 987 0.001636 7.483323 0 1 1
400 3 987 0.001676 0.028659 0 1 1
400 3 987 0.001580 0.689902 0 1 1
400 3 987 0.001785 0.062755 0 1 1
400 3 987 0.001803 0.210423 0 1 1
400 3 1871 0.002223 0.701829 0 1 1
400 3 987 0.001757 0.965316 0 1 1
400 3 987 0.001735 0.035126 0 1 1
400 3 987 0.001617 0.020117 0 1 1
400 3 987 0.001717 11.921052 0 1 1
400 3 987 0.001614 0.105090 0 1 1
400 3 987 0.001642 0.262328 0 1 1
400 4 1870 0.002346 0.092657 0 1 1
400 4 1871 0.002371 0.014834 0 1 1
400 4 986 0.001561 300.001221 0 1 0
400 4 1871 0.002279 0.104334 0 1 1
400 4 1871 0.002345 300.000699 0 1 0
400 4 1871 0.002351 300.000979 0 1 0
400 4 987 0.001738 6.186621 0 1 1
400 4 987 0.001680 300.000721 0 1 0
400 4 1871 0.002292 0.090991 0 1 1
400 4 986 0.001842 0.009685 0 1 1
400 4 1871 0.002377 300.000900 0 1 0
400 4 1871 0.002342 10.366916 0 1 1
400 4 1871 0.002312 51.215735 0 1 1
400 4 1871 0.002289 0.117238 0 1 1
400 4 987 0.001779 0.185886 0 1 1
400 4 987 0.001747 299.997440 0 1 0
400 4 987 0.001812 300.000473 0 1 0
400 4 985 0.001775 299.774501 0 1 0
400 4 1871 0.002365 65.894522 0 1 1
400 4 1871 0.002265 0.077732 0 1 1
400 5 1871 0.002558 74.960923 0 1 1
400 5 987 0.001795 14.157204 0 1 1
400 5 1871 0.002555 300.001222 0 1 0
400 5 1871 0.002584 0.014691 0 1 1
400 5 987 0.001947 0.071614 0 1 1
400 5 1871 0.002480 10.854414 0 1 1
400 5 1871 0.002540 0.021762 0 1 1
400 5 1871 0.002534 1.096162 0 1 1
400 5 1871 0.002475 0.609024 0 1 1
400 5 1871 0.002443 1.054675 0 1 1
400 5 1871 0.002584 0.010572 0 1 1
400 5 1871 0.002749 0.222251 0 1 1
400 5 1871 0.002428 0.059900 0 1 1
400 5 1871 0.002629 0.099607 0 1 1
400 5 1871 0.002403 43.909746 0 1 1
400 5 1870 0.002495 209.251675 0 1 1
400 5 1871 0.002691 11.174809 0 1 1
400 5 1871 0.002288 29.809762 0 1 1
400 5 1871 0.002236 300.000737 0 1 0
400 5 1871 0.002320 300.001202 0 1 0
400 6 1871 0.002397 299.998981 0 1 0
400 6 1871 0.002682 0.136817 0 1 1
400 6 1871 0.002360 300.001676 0 1 0
400 6 987 0.001844 299.999825 0 1 0
400 6 1871 0.002749 107.560988 0 1 1
400 6 1871 0.002779 1.123033 0 1 1
400 6 1871 0.002634 0.336120 0 1 1
400 6 1871 0.002781 0.170699 0 1 1
400 6 1871 0.002782 0.518017 0 1 1
400 6 1871 0.002633 0.131884 0 1 1
400 6 1871 0.002341 300.000607 0 1 0
400 6 1870 0.002928 13.644937 0 1 1
400 6 1871 0.002584 2.716888 0 1 1
400 6 1871 0.002693 300.000591 0 1 0
400 6 1871 0.002857 1.583610 0 1 1
400 6 1871 0.002890 300.000965 0 1 0
400 6 1871 0.002759 23.022769 0 1 1
400 6 1871 0.002541 299.995263 0 1 0
400 6 1871 0.002748 300.002081 0 1 0
400 6 1871 0.002696 299.998247 0 1 0
600 1 576 0.001223 300.002273 0 1 0
600 1 577 0.001371 52.551016 0 1 1
600 1 577 0.001262 18.268670 0 1 1
600 1 577 0.001318 0.060135 0 1 1
600 1 577 0.001344 299.995266 0 1 0
600 1 577 0.001314 1.590647 0 1 1
600 1 576 0.001252 299.992134 0 1 0
600 1 576 0.001334 140.398253 0 1 1
600 1 577 0.001356 300.000560 0 1 0
600 1 577 0.001302 299.997176 0 1 0
600 1 577 0.001333 85.825450 0 1 1
600 1 577 0.001361 0.680811 0 1 1
600 1 577 0.001306 300.002686 0 1 0
600 1 577 0.001372 0.731933 0 1 1
600 1 577 0.001359 7.698044 0 1 1
600 1 577 0.001350 300.002019 0 1 0
600 1 577 0.001393 300.002951 0 1 0
600 1 577 0.001343 3.896546 0 1 1
600 1 577 0.001321 1.584601 0 1 1
600 1 575 0.001295 300.001281 0 1 0
600 3 1053 0.002087 2.703838 0 1 1
600 3 1053 0.002107 0.424186 0 1 1
600 3 1053 0.002070 300.002249 0 1 0
600 3 2001 0.002608 29.472551 0 1 1
600 3 1053 0.002082 29.921152 0 1 1
600 3 2001 0.002719 299.992065 0 1 0
600 3 1053 0.001943 12.287304 0 1 1
600 3 2001 0.002553 160.239981 0 1 1
600 3 1053 0.002038 300.002306 0 1 0
600 3 2001 0.002568 0.216682 0 1 1
600 3 2001 0.002555 0.623386 0 1 1
600 3 1052 0.002152 300.002493 0 1 0
600 3 1053 0.002095 14.575650 0 1 1
600 3 577 0.001339 300.002621 0 1 0
600 3 1053 0.002133 102.431891 0 1 1
600 3 1053 0.001993 299.999927 0 1 0
600 3 1052 0.002204 0.391685 0 1 1
600 3 1053 0.002126 48.071731 0 1 1
600 3 2001 0.002617 74.913296 0 1 1
600 3 2000 0.002624 217.815335 0 1 1
600 4 2001 0.002775 300.001931 0 1 0
600 4 2000 0.002733 0.035107 0 1 1
600 4 2001 0.002546 300.003361 0 1 0
600 4 2001 0.002989 300.001988 0 1 0
600 4 2001 0.002896 4.359805 0 1 1
600 4 2001 0.002753 0.132602 0 1 1
600 4 2001 0.002820 164.321925 0 1 1
600 4 2000 0.002841 11.091999 0 1 1
600 4 2001 0.002780 300.001434 0 1 0
600 4 2001 0.002731 1.165917 0 1 1
600 4 2000 0.002770 0.020149 0 1 1
600 4 2001 0.002823 50.698256 0 1 1
600 4 2001 0.002615 299.997845 0 1 0
600 4 2001 0.002741 300.000709 0 1 0
600 4 2001 0.002855 21.915286 0 1 1
600 4 2001 0.002694 183.005005 0 1 1
600 4 2001 0.002656 14.866024 0 1 1
600 4 2001 0.002896 0.128675 0 1 1
600 4 2001 0.002824 26.421541 0 1 1
600 4 2001 0.002831 12.571271 0 1 1
600 6 2001 0.003288 186.297145 0 1 1
600 6 2001 0.003264 7.791911 0 1 1
600 6 2000 0.003039 299.999238 0 1 0
600 6 3893 0.004247 294.085233 0 1 1
600 6 2001 0.003378 0.025189 0 1 1
600 6 2001 0.003112 7.443071 0 1 1
600 6 2001 0.003399 300.002178 0 1 0
600 6 2001 0.002971 300.002505 0 1 0
600 6 2001 0.003318 0.058101 0 1 1
600 6 2001 0.003110 300.003115 0 1 0
600 6 2001 0.003314 300.002126 0 1 0
600 6 2001 0.003319 17.008282 0 1 1
600 6 2001 0.003193 0.098879 0 1 1
600 6 2001 0.003119 0.021459 0 1 1
600 6 2001 0.003402 22.352761 0 1 1
600 6 3893 0.004274 300.002161 0 1 0
600 6 2001 0.003049 300.002945 0 1 0
600 6 2001 0.003146 300.002716 0 1 0
600 6 2001 0.002988 300.003284 0 1 0
600 6 2001 0.003091 300.003259 0 1 0
600 7 3893 0.004263 0.269964 0 1 1
600 7 2000 0.003326 0.023983 0 1 1
600 7 2001 0.003811 300.002930 0 1 0
600 7 3892 0.004347 299.998524 0 1 0
600 7 2001 0.003166 300.001732 0 1 0
600 7 2001 0.003355 235.975501 0 1 1
600 7 3893 0.004207 300.002023 0 1 0
600 7 2000 0.003271 299.997895 0 1 0
600 7 3893 0.004287 300.002693 0 1 0
600 7 3892 0.004210 300.001135 0 1 0
600 7 2001 0.003320 300.001066 0 1 0
600 7 3893 0.004412 2.421318 0 1 1
600 7 2001 0.003146 300.001456 0 1 0
600 7 2001 0.003229 245.857748 0 1 1
600 7 2001 0.003447 11.405609 0 1 1
600 7 2001 0.003344 0.750439 0 1 1
600 7 3893 0.005013 17.055122 0 1 1
600 7 3893 0.004310 299.999493 0 1 0
600 7 3893 0.004398 299.999971 0 1 0
600 7 3893 0.004321 69.871996 0 1 1
600 9 3893 0.005108 4.153421 0 1 1
600 9 3892 0.005103 299.996941 0 1 0
600 9 3893 0.004702 300.002941 0 1 0
600 9 3893 0.005379 1.412842 0 1 1
600 9 3892 0.004809 300.001595 0 1 0
600 9 3893 0.004739 300.003456 0 1 0
600 9 3893 0.004792 300.002592 0 1 0
600 9 3893 0.004793 0.179838 0 1 1
600 9 3892 0.004911 75.443599 0 1 1
600 9 3893 0.004465 300.003142 0 1 0
600 9 3893 0.004699 28.493209 0 1 1
600 9 3893 0.005026 63.505195 0 1 1
600 9 3893 0.004357 299.990672 0 1 0
600 9 3893 0.004655 5.856866 0 1 1
600 9 3892 0.005400 0.778119 0 1 1
600 9 3893 0.004999 15.978451 0 1 1
600 9 3893 0.005173 300.001159 0 1 0
600 9 3891 0.004571 300.002964 0 1 0
600 9 3893 0.005027 300.001330 0 1 0
600 9 3893 0.004964 0.143497 0 1 1
800 2 1053 0.002007 300.004968 0 1 0
800 2 576 0.001483 300.003618 0 1 0
800 2 1053 0.001992 300.003061 0 1 0
800 2 1053 0.002003 300.001117 0 1 0
800 2 1053 0.002175 300.004474 0 1 0
800 2 1053 0.002075 300.002394 0 1 0
800 2 1053 0.002052 300.005146 0 1 0
800 2 1053 0.002055 300.003527 0 1 0
800 2 1053 0.002090 5.973060 0 1 1
800 2 1053 0.002105 300.001982 0 1 0
800 2 1053 0.002037 300.004134 0 1 0
800 2 1052 0.002074 300.004278 0 1 0
800 2 1053 0.002012 300.002954 0 1 0
800 2 1053 0.002106 300.003631 0 1 0
800 2 1053 0.002080 300.004004 0 1 0
800 2 1053 0.002115 300.002779 0 1 0
800 2 577 0.001633 300.003835 0 1 0
800 2 577 0.001550 300.003223 0 1 0
800 2 1053 0.001952 300.004146 0 1 0
800 2 1053 0.002103 300.002899 0 1 0
800 4 2001 0.003233 300.002481 0 1 0
800 4 2001 0.002996 299.999300 0 1 0
800 4 2001 0.003047 299.994721 0 1 0
800 4 2000 0.003083 2.697115 0 1 1
800 4 2001 0.003024 300.003652 0 1 0
800 4 2001 0.003122 300.003256 0 1 0
800 4 2001 0.002988 44.326764 0 1 1
800 4 2001 0.003069 300.004312 0 1 0
800 4 2000 0.003038 78.677581 0 1 1
800 4 577 0.001557 300.002828 0 1 0
800 4 2000 0.002884 300.003482 0 1 0
800 4 2000 0.002812 300.003656 0 1 0
800 4 2001 0.003105 300.003475 0 1 0
800 4 2000 0.003097 300.004819 0 1 0
800 4 2000 0.003261 9.425368 0 1 1
800 4 2001 0.003185 12.072643 0 1 1
800 4 2001 0.002976 14.511166 0 1 1
800 4 2001 0.003033 300.002789 0 1 0
800 4 2001 0.003039 300.003701 0 1 0
800 4 2001 0.002898 3.218393 0 1 1
800 6 2001 0.003449 44.058916 0 1 1
800 6 2000 0.003357 300.003098 0 1 0
800 6 3892 0.004508 54.814120 0 1 1
800 6 2000 0.003568 300.003630 0 1 0
800 6 2001 0.003354 300.004286 0 1 0
800 6 3893 0.004567 72.755716 0 1 1
800 6 2001 0.003491 300.003681 0 1 0
800 6 2001 0.003642 300.002422 0 1 0
800 6 2001 0.003536 300.004326 0 1 0
800 6 2001 0.003323 300.002534 0 1 0
800 6 2001 0.002799 300.003364 0 1 0
800 6 2001 0.003095 300.003523 0 1 0
800 6 2001 0.003168 300.002701 0 1 0
800 6 2001 0.003272 9.936653 0 1 1
800 6 2001 0.003723 300.001346 0 1 0
800 6 2001 0.003318 300.003889 0 1 0
800 6 2001 0.003603 300.003301 0 1 0
800 6 2001 0.003511 300.002589 0 1 0
800 6 3892 0.004619 300.004204 0 1 0
800 6 2001 0.003365 300.003216 0 1 0
800 8 3893 0.004911 300.003950 0 1 0
800 8 2001 0.003737 39.937146 0 1 1
800 8 3893 0.004955 300.003217 0 1 0
800 8 3893 0.004755 300.003341 0 1 0
800 8 3893 0.004734 300.003980 0 1 0
800 8 3893 0.004955 300.002619 0 1 0
800 8 3893 0.004978 300.003833 0 1 0
800 8 2000 0.003300 300.003947 0 1 0
800 8 3893 0.004734 300.002506 0 1 0
800 8 2001 0.003638 243.594439 0 1 1
800 8 3893 0.004564 300.003798 0 1 0
800 8 2001 0.002959 300.003608 0 1 0
800 8 3893 0.004617 300.004452 0 1 0
800 8 3892 0.004913 69.400496 0 1 1
800 8 3893 0.004928 7.771734 0 1 1
800 8 3893 0.004657 300.004088 0 1 0
800 8 3893 0.004880 300.003819 0 1 0
800 8 3893 0.004994 300.003227 0 1 0
800 8 3893 0.004438 300.003722 0 1 0
800 8 3893 0.005378 300.003902 0 1 0
800 10 3893 0.005306 300.004523 0 1 0
800 10 3893 0.005804 300.004600 0 1 0
800 10 3893 0.005861 300.002543 0 1 0
800 10 3893 0.005101 300.003603 0 1 0
800 10 3893 0.005401 12.912589 0 1 1
800 10 3893 0.006059 0.633305 0 1 1
800 10 3893 0.005322 2.117253 0 1 1
800 10 3893 0.005023 300.003141 0 1 0
800 10 3893 0.005176 300.003628 0 1 0
800 10 3893 0.004959 300.004014 0 1 0
800 10 3893 0.005685 300.003261 0 1 0
800 10 3893 0.005896 22.133587 0 1 1
800 10 3893 0.005055 300.003287 0 1 0
800 10 3892 0.005810 300.003691 0 1 0
800 10 3893 0.005783 32.797289 0 1 1
800 10 3893 0.004960 299.994348 0 1 0
800 10 3893 0.005375 300.003292 0 1 0
800 10 3893 0.005307 300.003107 0 1 0
800 10 3892 0.005041 0.774009 0 1 1
800 10 3892 0.005573 300.004360 0 1 0
800 12 3892 0.005680 300.004160 0 1 0
800 12 3892 0.005918 86.880865 0 1 1
800 12 3893 0.006096 0.406017 0 1 1
800 12 3893 0.006096 300.002911 0 1 0
800 12 7673 0.008391 182.354799 0 1 1
800 12 3893 0.005827 13.882979 0 1 1
800 12 3893 0.006066 300.004162 0 1 0
800 12 3893 0.005733 300.004597 0 1 0
800 12 3893 0.006149 3.693392 0 1 1
800 12 7673 0.007885 300.001421 0 1 0
800 12 3892 0.005901 300.000968 0 1 0
800 12 7673 0.007844 300.002913 0 1 0
800 12 3893 0.006228 300.004160 0 1 0
800 12 3893 0.005637 300.003575 0 1 0
800 12 3893 0.005563 300.004459 0 1 0
800 12 3893 0.005515 300.003914 0 1 0
800 12 3893 0.006327 300.005029 0 1 0
800 12 3892 0.006085 0.314920 0 1 1
800 12 7673 0.008165 259.113543 0 1 1
800 12 3892 0.005809 300.002260 0 1 0
1000 2 1052 0.002183 300.000757 0 1 0
1000 2 1053 0.002150 300.006788 0 1 0
1000 2 1052 0.002290 128.540168 0 1 1
1000 2 1053 0.002199 300.003587 0 1 0
1000 2 1053 0.002135 300.004683 0 1 0
1000 2 1053 0.002113 300.004837 0 1 0
1000 2 577 0.001655 300.004298 0 1 0
1000 2 1053 0.002064 134.901559 0 1 1
1000 2 1053 0.002225 300.004006 0 1 0
1000 2 1053 0.002232 299.999208 0 1 0
1000 2 577 0.001771 300.005088 0 1 0
1000 2 1053 0.002101 300.005225 0 1 0
1000 2 1053 0.002510 300.005684 0 1 0
1000 2 1052 0.002210 300.004613 0 1 0
1000 2 1052 0.002268 299.629224 0 1 0
1000 2 1052 0.002259 299.437987 0 1 0
1000 2 1053 0.002325 299.979866 0 1 0
1000 2 1052 0.002225 299.994075 0 1 0
1000 2 577 0.001691 299.973384 0 1 0
1000 2 1053 0.002277 299.992449 0 1 0
1000 5 2001 0.003440 299.953594 0 1 0
1000 5 2001 0.003349 299.969667 0 1 0
1000 5 2001 0.003232 299.952728 0 1 0
1000 5 2001 0.003513 299.895861 0 1 0
1000 5 2001 0.003648 299.966384 0 1 0
1000 5 2001 0.003664 299.585672 0 1 0
1000 5 2001 0.003680 298.397734 0 1 0
1000 5 2000 0.003564 298.813421 0 1 0
1000 5 2001 0.004070 298.699865 0 1 0
1000 5 2001 0.003799 20.172414 0 1 1
1000 5 2001 0.003889 298.493376 0 1 0
1000 5 2001 0.003625 298.523309 0 1 0
1000 5 2001 0.003666 298.606999 0 1 0
1000 5 2001 0.003631 298.485637 0 1 0
1000 5 2001 0.003318 297.985901 0 1 0
1000 5 2001 0.004021 298.132692 0 1 0
1000 5 2001 0.003501 298.536777 0 1 0
1000 5 2001 0.003693 126.340308 0 1 1
1000 5 2001 0.003642 298.389419 0 1 0
1000 5 2001 0.003805 298.552617 0 1 0
1000 7 3892 0.005851 298.913461 0 1 0
1000 7 3893 0.005131 298.436022 0 1 0
1000 7 3893 0.004869 298.542796 0 1 0
1000 7 2001 0.003912 298.506351 0 1 0
1000 7 3892 0.004938 299.907031 0 1 0
1000 7 3893 0.005094 299.995920 0 1 0
1000 7 2001 0.004203 299.996630 0 1 0
1000 7 3893 0.005112 299.998239 0 1 0
1000 7 2001 0.004072 299.852843 0 1 0
1000 7 3892 0.005094 299.760396 0 1 0
1000 7 3892 0.005080 137.647159 0 1 1
1000 7 1999 0.003689 300.000657 0 1 0
1000 7 3893 0.004746 300.000794 0 1 0
1000 7 3892 0.004703 300.000118 0 1 0
1000 7 2000 0.003802 300.000186 0 1 0
1000 7 2001 0.003903 300.003887 0 1 0
1000 7 3893 0.004968 300.001844 0 1 0
1000 7 3893 0.004968 300.003197 0 1 0
1000 7 3893 0.005481 300.002995 0 1 0
1000 7 3893 0.004786 300.001901 0 1 0
1000 10 3893 0.005743 300.003935 0 1 0
1000 10 3893 0.005950 300.003636 0 1 0
1000 10 3893 0.005631 300.002262 0 1 0
1000 10 3893 0.005773 300.003914 0 1 0
1000 10 3893 0.006801 300.002038 0 1 0
1000 10 3893 0.006321 300.002562 0 1 0
1000 10 3893 0.005477 299.997387 0 1 0
1000 10 3893 0.005749 300.003026 0 1 0
1000 10 3893 0.005717 299.999785 0 1 0
1000 10 3893 0.005706 300.004485 0 1 0
1000 10 3893 0.005463 300.003225 0 1 0
1000 10 3893 0.005983 300.002116 0 1 0
1000 10 3893 0.005983 300.003724 0 1 0
1000 10 3893 0.006316 300.004030 0 1 0
1000 10 3893 0.005669 300.003059 0 1 0
1000 10 3893 0.005235 300.002356 0 1 0
1000 10 3893 0.005902 300.001360 0 1 0
1000 10 3892 0.005822 300.002174 0 1 0
1000 10 3893 0.005894 299.998110 0 1 0
1000 10 3893 0.005453 300.001852 0 1 0
1000 12 7673 0.008510 300.003058 0 1 0
1000 12 3893 0.006219 300.001496 0 1 0
1000 12 7672 0.008203 300.001169 0 1 0
1000 12 3891 0.006925 299.996558 0 1 0
1000 12 3893 0.005805 299.978165 0 1 0
1000 12 3893 0.006193 300.002230 0 1 0
1000 12 3893 0.006457 299.841701 0 1 0
1000 12 3893 0.006209 300.002926 0 1 0
1000 12 7673 0.008465 300.000447 0 1 0
1000 12 7673 0.008274 300.000967 0 1 0
1000 12 3893 0.005889 300.003350 0 1 0
1000 12 7673 0.008196 300.001629 0 1 0
1000 12 3893 0.005693 300.003850 0 1 0
1000 12 3893 0.006831 300.002364 0 1 0
1000 12 3892 0.006293 300.001263 0 1 0
1000 12 3893 0.006156 300.002333 0 1 0
1000 12 3893 0.006487 300.004822 0 1 0
1000 12 3892 0.006467 300.002795 0 1 0
1000 12 3893 0.006280 164.539636 0 1 1
1000 12 3893 0.006382 300.003538 0 1 0
1000 15 7673 0.009000 300.002626 0 1 0
1000 15 3893 0.006563 300.001380 0 1 0
1000 15 3892 0.006774 300.003934 0 1 0
1000 15 3893 0.006765 300.002440 0 1 0
1000 15 3892 0.006878 300.003155 0 1 0
1000 15 7673 0.008601 300.003572 0 1 0
1000 15 7673 0.008513 300.003558 0 1 0
1000 15 7672 0.009933 300.003247 0 1 0
1000 15 7673 0.008798 300.004821 0 1 0
1000 15 7673 0.008718 300.003945 0 1 0
1000 15 7673 0.008952 300.003819 0 1 0
1000 15 3893 0.006240 300.004165 0 1 0
1000 15 7673 0.009737 300.000214 0 1 0
1000 15 7673 0.008533 149.225586 0 1 1
1000 15 7672 0.008914 300.003203 0 1 0
1000 15 7672 0.009226 300.003883 0 1 0
1000 15 7672 0.009172 300.002795 0 1 0
1000 15 7673 0.008535 300.005080 0 1 0
1000 15 7673 0.008802 300.002936 0 1 0
1000 15 7673 0.008990 300.001468 0 1 0
1400 3 2130 0.003313 300.007482 0 1 0
1400 3 2131 0.003412 300.007827 0 1 0
1400 3 1119 0.002881 300.005869 0 1 0
1400 3 1119 0.002807 300.008618 0 1 0
1400 3 1119 0.003011 300.006988 0 1 0
1400 3 2131 0.003336 300.007262 0 1 0
1400 3 2131 0.003471 300.007736 0 1 0
1400 3 2131 0.003261 300.005714 0 1 0
1400 3 2130 0.003410 300.007405 0 1 0
1400 3 2131 0.003409 300.007308 0 1 0
1400 3 1119 0.002622 300.004054 0 1 0
1400 3 1119 0.002438 300.005514 0 1 0
1400 3 1119 0.003048 300.009390 0 1 0
1400 3 1119 0.002740 300.007677 0 1 0
1400 3 2131 0.003520 300.006289 0 1 0
1400 3 2131 0.003547 300.005948 0 1 0
1400 3 1119 0.002711 299.984211 0 1 0
1400 3 2131 0.003292 300.007534 0 1 0
1400 3 1119 0.003084 300.008391 0 1 0
1400 3 1119 0.002858 300.006734 0 1 0
1400 7 4151 0.005532 300.006395 0 1 0
1400 7 2131 0.004407 300.008457 0 1 0
1400 7 4151 0.005573 300.008271 0 1 0
1400 7 2131 0.004269 300.005328 0 1 0
1400 7 4151 0.005915 300.004383 0 1 0
1400 7 4150 0.005986 299.997632 0 1 0
1400 7 4151 0.005603 300.003267 0 1 0
1400 7 4151 0.005736 300.006236 0 1 0
1400 7 4151 0.005983 300.009380 0 1 0
1400 7 4151 0.005947 300.006386 0 1 0
1400 7 2131 0.004591 300.008998 0 1 0
1400 7 4151 0.005644 300.005535 0 1 0
1400 7 4151 0.005966 300.004281 0 1 0
1400 7 4151 0.005814 300.006174 0 1 0
1400 7 4151 0.006030 300.006735 0 1 0
1400 7 4150 0.005739 300.008226 0 1 0
1400 7 4151 0.005963 300.006634 0 1 0
1400 7 4151 0.005475 300.005232 0 1 0
1400 7 4151 0.006037 299.935571 0 1 0
1400 7 4151 0.005998 300.006584 0 1 0
1400 10 4151 0.007396 300.007054 0 1 0
1400 10 4151 0.006656 300.004040 0 1 0
1400 10 4151 0.007012 300.000981 0 1 0
1400 10 4151 0.007662 300.009102 0 1 0
1400 10 4151 0.007399 300.007564 0 1 0
1400 10 4151 0.007204 300.008435 0 1 0
1400 10 4151 0.006780 0.620648 0 1 1
1400 10 4151 0.007024 300.007205 0 1 0
1400 10 4151 0.006608 300.005257 0 1 0
1400 10 4151 0.006639 299.994908 0 1 0
1400 10 4151 0.007019 300.007623 0 1 0
1400 10 4151 0.006765 300.006873 0 1 0
1400 10 4151 0.006703 300.009299 0 1 0
1400 10 8187 0.009087 300.006253 0 1 0
1400 10 4151 0.007119 300.007720 0 1 0
1400 10 4148 0.006906 300.005993 0 1 0
1400 10 4150 0.007026 300.006151 0 1 0
1400 10 4151 0.007881 300.008266 0 1 0
1400 10 4151 0.006928 300.008655 0 1 0
1400 10 4151 0.006627 300.007580 0 1 0
1400 14 8187 0.011499 300.008515 0 1 0
1400 14 8187 0.010264 300.007140 0 1 0
1400 14 8186 0.010996 300.008252 0 1 0
1400 14 8187 0.010629 300.007539 0 1 0
1400 14 8187 0.010875 300.006965 0 1 0
1400 14 8186 0.010354 300.007033 0 1 0
1400 14 8187 0.010545 300.008051 0 1 0
1400 14 8186 0.010648 300.005270 0 1 0
1400 14 8187 0.010553 300.007290 0 1 0
1400 14 8186 0.010066 300.008500 0 1 0
1400 14 8187 0.011647 300.008189 0 1 0
1400 14 8187 0.010493 300.005730 0 1 0
1400 14 8187 0.008955 300.007666 0 1 0
1400 14 8187 0.009925 300.007336 0 1 0
1400 14 8187 0.010578 300.007140 0 1 0
1400 14 8187 0.010416 299.993406 0 1 0
1400 14 8187 0.010841 300.006901 0 1 0
1400 14 8187 0.009435 300.005836 0 1 0
1400 14 8187 0.010695 300.006341 0 1 0
1400 14 8187 0.010922 299.890521 0 1 0
1400 17 8187 0.013171 300.006891 0 1 0
1400 17 8187 0.010990 300.007815 0 1 0
1400 17 8187 0.011398 300.006807 0 1 0
1400 17 8187 0.011515 300.007834 0 1 0
1400 17 8187 0.011974 300.006419 0 1 0
1400 17 8187 0.011550 300.004428 0 1 0
1400 17 8187 0.011732 300.006716 0 1 0
1400 17 8187 0.012514 300.006007 0 1 0
1400 17 8187 0.012581 300.007879 0 1 0
1400 17 8187 0.012899 300.005803 0 1 0
1400 17 8186 0.012214 300.005885 0 1 0
1400 17 8187 0.012186 300.005349 0 1 0
1400 17 8186 0.010327 300.005835 0 1 0
1400 17 8186 0.012195 300.005194 0 1 0
1400 17 8187 0.011825 300.006125 0 1 0
1400 17 8187 0.012063 300.007324 0 1 0
1400 17 8187 0.013100 300.006432 0 1 0
1400 17 8187 0.011988 300.008460 0 1 0
1400 17 8187 0.013049 300.006385 0 1 0
1400 17 8187 0.013969 300.005130 0 1 0
1400 21 8187 0.013447 300.006943 0 1 0
1400 21 8187 0.013783 300.005183 0 1 0
1400 21 8186 0.013161 300.006888 0 1 0
1400 21 8187 0.014370 300.011022 0 1 0
1400 21 8187 0.012884 299.997114 0 1 0
1400 21 8187 0.014885 300.007417 0 1 0
1400 21 8187 0.013545 300.007148 0 1 0
1400 21 8187 0.013893 300.005798 0 1 0
1400 21 8187 0.015390 300.008184 0 1 0
1400 21 8186 0.013233 300.007865 0 1 0
1400 21 8187 0.014057 300.007168 0 1 0
1400 21 8187 0.012584 300.009241 0 1 0
1400 21 8187 0.014337 300.002492 0 1 0
1400 21 8187 0.014109 300.002140 0 1 0
1400 21 8187 0.012171 300.007630 0 1 0
1400 21 8187 0.016059 300.006106 0 1 0
1400 21 8187 0.015370 300.008747 0 1 0
1400 21 8187 0.013648 300.007039 0 1 0
1400 21 8186 0.013378 300.007895 0 1 0
1400 21 8186 0.014597 300.006341 0 1 0
1800 4 2131 0.004353 300.011756 0 1 0
1800 4 2131 0.003737 300.010615 0 1 0
1800 4 2130 0.004068 300.012203 0 1 0
1800 4 2131 0.004178 300.011958 0 1 0
1800 4 2131 0.003866 300.011284 0 1 0
1800 4 2130 0.004240 300.011145 0 1 0
1800 4 2131 0.004172 300.011746 0 1 0
1800 4 2131 0.004260 300.015759 0 1 0
1800 4 2131 0.004299 300.013267 0 1 0
1800 4 2131 0.003785 300.013243 0 1 0
1800 4 2131 0.004150 300.013261 0 1 0
1800 4 2130 0.004179 300.010967 0 1 0
1800 4 2130 0.004489 300.011236 0 1 0
1800 4 1119 0.003217 300.012041 0 1 0
1800 4 2131 0.003881 300.011611 0 1 0
1800 4 2131 0.003825 300.010908 0 1 0
1800 4 2131 0.003936 300.009133 0 1 0
1800 4 2131 0.004354 300.012393 0 1 0
1800 4 2131 0.003941 300.011012 0 1 0
1800 4 2130 0.004021 300.008575 0 1 0
1800 9 4151 0.007308 300.012946 0 1 0
1800 9 4151 0.007516 300.009207 0 1 0
1800 9 4151 0.007294 300.012510 0 1 0
1800 9 4151 0.007270 300.011400 0 1 0
1800 9 4151 0.007063 300.007036 0 1 0
1800 9 4151 0.007032 300.009406 0 1 0
1800 9 2131 0.004501 300.006543 0 1 0
1800 9 4150 0.006309 300.010246 0 1 0
1800 9 4151 0.006489 300.009947 0 1 0
1800 9 4151 0.007244 300.009439 0 1 0
1800 9 4150 0.007118 300.010127 0 1 0
1800 9 4151 0.006773 300.012934 0 1 0
1800 9 4151 0.007532 300.012526 0 1 0
1800 9 4151 0.007416 300.012292 0 1 0
1800 9 4151 0.007172 300.012123 0 1 0
1800 9 4151 0.007266 300.008403 0 1 0
1800 9 4151 0.007286 300.011781 0 1 0
1800 9 4151 0.007796 300.013511 0 1 0
1800 9 4151 0.007880 300.006945 0 1 0
1800 9 4150 0.006959 300.007054 0 1 0
1800 13 8187 0.010882 300.012178 0 1 0
1800 13 8187 0.011094 300.010525 0 1 0
1800 13 8187 0.011083 300.015173 0 1 0
1800 13 8187 0.010442 300.009940 0 1 0
1800 13 8187 0.010735 300.015006 0 1 0
1800 13 8187 0.011053 300.009890 0 1 0
1800 13 4151 0.008486 300.013755 0 1 0
1800 13 4151 0.008311 300.011517 0 1 0
1800 13 8186 0.010650 300.013047 0 1 0
1800 13 8187 0.011298 300.009380 0 1 0
1800 13 8186 0.011348 300.011941 0 1 0
1800 13 4149 0.006712 300.011263 0 1 0
1800 13 8187 0.010316 300.012908 0 1 0
1800 13 8187 0.011329 300.011347 0 1 0
1800 13 8185 0.011169 300.011854 0 1 0
1800 13 8187 0.010432 300.013381 0 1 0
1800 13 8187 0.011262 300.011969 0 1 0
1800 13 8187 0.010554 300.010824 0 1 0
1800 13 8187 0.011315 300.009754 0 1 0
1800 13 4151 0.007871 300.012010 0 1 0
1800 18 8187 0.013447 300.011250 0 1 0
1800 18 8187 0.014632 300.014849 0 1 0
1800 18 8187 0.014822 300.013011 0 1 0
1800 18 8187 0.013585 300.013262 0 1 0
1800 18 8186 0.013247 300.011638 0 1 0
1800 18 8187 0.012959 300.011554 0 1 0
1800 18 8187 0.014322 300.011977 0 1 0
1800 18 8187 0.012644 300.013179 0 1 0
1800 18 8187 0.014173 300.011375 0 1 0
1800 18 8187 0.013927 300.012365 0 1 0
1800 18 8186 0.013265 300.007125 0 1 0
1800 18 8187 0.013668 300.012863 0 1 0
1800 18 8187 0.013187 300.009570 0 1 0
1800 18 8187 0.012636 300.012775 0 1 0
1800 18 8187 0.012886 300.012508 0 1 0
1800 18 8187 0.013128 300.010772 0 1 0
1800 18 8187 0.012590 300.013582 0 1 0
1800 18 8187 0.013691 300.008301 0 1 0
1800 18 8186 0.013987 300.012338 0 1 0
1800 18 8187 0.012424 300.008815 0 1 0
1800 22 8187 0.017131 300.008810 0 1 0
1800 22 8186 0.011606 300.010377 0 1 0
1800 22 8187 0.015624 300.004712 0 1 0
1800 22 8187 0.016675 300.011243 0 1 0
1800 22 8187 0.016294 300.013976 0 1 0
1800 22 8186 0.014338 300.008673 0 1 0
1800 22 8187 0.014887 300.013181 0 1 0
1800 22 8187 0.015923 300.010385 0 1 0
1800 22 8186 0.016252 300.012838 0 1 0
1800 22 8186 0.016493 300.015543 0 1 0
1800 22 8187 0.015956 300.009646 0 1 0
1800 22 8187 0.015134 300.012960 0 1 0
1800 22 8187 0.016307 299.553165 0 1 0
1800 22 8187 0.015228 300.012092 0 1 0
1800 22 8187 0.016749 300.010054 0 1 0
1800 22 8187 0.016590 300.011473 0 1 0
1800 22 8187 0.015869 300.011722 0 1 0
1800 22 8187 0.014896 300.012251 0 1 0
1800 22 8187 0.015203 300.011144 0 1 0
1800 22 8187 0.015530 300.012699 0 1 0
1800 27 16255 0.022153 300.012768 0 1 0
1800 27 16253 0.023933 300.008533 0 1 0
1800 27 16255 0.022601 300.009493 0 1 0
1800 27 8187 0.016906 300.014662 0 1 0
1800 27 16255 0.024149 300.013658 0 1 0
1800 27 16255 0.022512 300.014822 0 1 0
1800 27 16255 0.024960 300.013241 0 1 0
1800 27 16255 0.022028 300.012895 0 1 0
1800 27 16255 0.024407 300.011057 0 1 0
1800 27 8187 0.015368 300.013418 0 1 0
1800 27 16255 0.022106 300.014813 0 1 0
1800 27 16255 0.023816 300.010631 0 1 0
1800 27 16255 0.022973 300.010193 0 1 0
1800 27 16254 0.023519 299.993510 0 1 0
1800 27 16254 0.021766 300.012893 0 1 0
1800 27 16255 0.024505 300.010202 0 1 0
1800 27 16255 0.024125 300.011720 0 1 0
1800 27 16255 0.024535 300.012592 0 1 0
1800 27 16254 0.024117 300.011308 0 1 0
1800 27 16254 0.023956 300.012944 0 1 0
