Str Size|Edit Diff|Comm (bits)|Time (s)|Space (bits)
500 1 25383 0.107980 27267072
500 50 46478 0.129746 0
500 99 55317 0.130799 0
500 148 56365 0.103202 0
500 197 71653 0.152625 0
500 246 79182 0.163216 0
500 295 79176 0.164763 0
500 344 81011 0.175126 0
500 393 101585 0.188870 0
500 442 75192 0.172237 0
500 491 130658 0.196023 0
500 540 79093 0.171369 0
500 589 77270 0.162902 0
500 638 81066 0.182775 0
500 687 77112 0.169925 0
500 785 134138 0.212596 0
500 834 79153 0.166248 1048576
500 883 101404 0.190549 0
500 932 73562 0.127397 0
500 981 108693 0.227350 0
