Str Size|Edit Diff|Comm (bits)|Time Set(s)|Time Str(s)|Space (bits)|Set Recon True|Str Recon True
400 1 145 0.000872 0.091709 670596 1 1
400 1 145 0.000850 0.108256 664168 1 1
400 1 145 0.001216 0.047333 670584 1 1
400 1 145 0.000922 0.022426 664168 1 1
400 1 110 0.000763 0.058522 664164 1 1
400 1 145 0.001137 0.037487 664160 1 1
400 1 145 0.001088 0.149023 664172 1 1
400 1 145 0.000737 0.038075 664172 1 1
400 1 145 0.000659 0.091326 664180 1 1
400 1 145 0.000647 0.020309 670588 1 1
400 1 145 0.000722 0.023858 670588 1 1
400 1 145 0.000684 0.020848 670584 1 1
400 1 145 0.000698 0.054626 670596 1 1
400 1 145 0.000704 0.498324 670608 1 1
400 1 145 0.000646 0.027221 670596 1 1
400 1 145 0.000714 0.029421 664168 1 1
400 1 145 0.000695 0.247111 664180 1 1
400 1 145 0.001043 0.016123 670596 1 1
400 1 145 0.000581 0.249757 664184 1 1
400 1 145 0.000597 0.015002 664160 1 1
400 2 145 0.000689 0.091848 667388 1 1
400 2 211 0.000742 0.160052 667396 1 1
400 2 211 0.000819 0.015033 673808 1 1
400 2 211 0.000844 0.015118 667388 1 1
400 2 211 0.000679 0.047883 673804 1 1
400 2 211 0.000710 0.082055 660980 1 1
400 2 211 0.000847 0.185110 667400 1 1
400 2 211 0.000800 0.135608 660980 1 1
400 2 211 0.000773 0.045916 673804 1 1
400 2 211 0.000825 0.052899 673808 1 1
400 2 211 0.000774 0.112802 667392 1 1
400 2 211 0.000783 0.022660 667388 1 1
400 2 211 0.000746 0.061633 673804 1 1
400 2 211 0.000805 0.044537 660972 1 1
400 2 211 0.000818 0.015117 673796 1 1
400 2 211 0.000770 0.014752 667380 1 1
400 2 211 0.000723 0.013352 667376 1 1
400 2 211 0.000806 0.014833 667376 1 1
400 2 145 0.000724 0.020765 667368 1 1
400 2 211 0.000886 0.028300 673804 1 1
400 3 211 0.000873 0.043197 670592 1 1
400 3 211 0.000781 0.012878 657788 1 1
400 3 211 0.000939 0.013704 670584 1 1
400 3 211 0.000931 0.018981 670584 1 1
400 3 211 0.000952 0.030686 664164 1 1
400 3 211 0.000967 0.050717 662568 1 1
400 3 211 0.000922 0.013191 657776 1 1
400 3 211 0.000959 0.025602 677024 1 1
400 3 211 0.000755 0.013849 670588 1 1
400 3 211 0.000948 0.034086 664160 1 1
400 3 211 0.000926 0.033039 677024 1 1
400 3 211 0.000911 0.046973 670592 1 1
400 3 210 0.000894 0.241825 677044 1 1
400 3 211 0.000864 12.294831 670632 1 1
400 3 211 0.000909 0.034772 670592 1 1
400 3 210 0.000929 0.027564 664164 1 1
400 3 211 0.001019 0.090926 664172 1 1
400 3 210 0.000917 0.021454 670592 1 1
400 3 211 0.000810 0.014232 670580 1 1
400 3 211 0.000926 0.027025 670600 1 1
400 4 339 0.000934 0.126295 667400 1 1
400 4 339 0.001126 0.128307 667388 1 1
400 4 339 0.000931 0.028910 673800 1 1
400 4 211 0.000925 0.074884 673808 1 1
400 4 339 0.001107 0.053050 673808 1 1
400 4 339 0.001109 0.033852 667376 1 1
400 4 339 0.001153 0.029917 660964 1 1
400 4 339 0.001142 0.033007 660976 1 1
400 4 338 0.001033 0.022582 673800 1 1
400 4 339 0.001110 0.169448 660984 1 1
400 4 339 0.001085 0.022750 673804 1 1
400 4 339 0.001104 0.072389 660984 1 1
400 4 339 0.001104 0.013966 667380 1 1
400 4 339 0.001092 0.043501 667384 1 1
400 4 339 0.001153 0.087908 667388 1 1
400 4 338 0.001097 0.015137 667380 1 1
400 4 338 0.000918 0.111636 673808 1 1
400 4 339 0.001088 0.177128 667388 1 1
400 4 339 0.001167 0.027904 660976 1 1
400 4 339 0.000871 0.024734 660972 1 1
400 5 338 0.001205 0.016446 664160 1 1
400 5 339 0.001209 0.029766 664160 1 1
400 5 337 0.001341 0.038962 664164 1 1
400 5 338 0.001228 0.231554 664180 1 1
400 5 339 0.001210 0.034088 664160 1 1
400 5 339 0.001044 0.516412 664184 1 1
400 5 339 0.001184 0.028818 677024 1 1
400 5 339 0.001100 0.016893 664172 1 1
400 5 339 0.001264 0.013049 664168 1 1
400 5 339 0.001332 0.018707 670584 1 1
400 5 339 0.001251 0.056754 656204 1 1
400 5 339 0.001202 0.049079 670592 1 1
400 5 339 0.001212 0.024902 670596 1 1
400 5 339 0.001045 0.014116 677024 1 1
400 5 339 0.001203 0.049293 677036 1 1
400 5 339 0.001225 0.172301 683512 1 1
400 5 339 0.001273 0.108868 683512 1 1
400 5 339 0.001207 0.032183 670592 1 1
400 5 339 0.001295 0.026611 657784 1 1
400 5 339 0.001133 0.124492 668992 1 1
400 6 339 0.001128 0.872168 660992 1 1
400 6 339 0.001368 0.249541 673820 1 1
400 6 339 0.001245 0.048344 654612 1 1
400 6 339 0.001285 0.013736 673800 1 1
400 6 339 0.001166 0.016923 654608 1 1
400 6 339 0.001300 0.033832 673804 1 1
400 6 339 0.001373 0.037191 673804 1 1
400 6 339 0.001203 0.030446 673800 1 1
400 6 339 0.001426 0.029639 667388 1 1
400 6 339 0.001272 0.014544 667372 1 1
400 6 339 0.001323 0.042141 667392 1 1
400 6 339 0.001346 0.147699 659388 1 1
400 6 339 0.001209 0.079391 680268 1 1
400 6 339 0.001238 0.023428 667380 1 1
400 6 339 0.001522 0.019058 673800 1 1
400 6 339 0.001370 0.038914 680268 1 1
400 6 339 0.001299 0.024834 660976 1 1
400 6 339 0.001194 0.021066 673800 1 1
400 6 339 0.001476 0.015086 667380 1 1
400 6 339 0.001300 0.014762 667372 1 1
600 1 145 0.000993 1.394944 1118380 1 1
600 1 145 0.001176 64.129008 1116004 1 1
600 1 145 0.001122 74.665482 1116004 1 1
600 1 145 0.000870 4.036065 1120796 1 1
600 1 145 0.000651 2.934843 1115980 1 1
600 1 145 0.000786 1.205220 1111168 1 1
600 1 144 0.000786 3.158155 1120800 1 1
600 1 145 0.000815 0.272872 1118380 1 1
600 1 145 0.000801 1.612242 1111164 1 1
600 1 145 0.000779 0.114837 1120764 1 1
600 1 145 0.000699 0.878073 1106356 1 1
600 1 144 0.000827 0.617669 1120716 1 1
600 1 145 0.000964 6.851425 1118396 1 1
600 1 145 0.000660 67.438751 1115948 1 1
600 1 145 0.000665 3.380134 1111152 1 1
600 1 145 0.000651 1.053570 1113568 1 1
600 1 145 0.000815 4.383777 1111176 1 1
600 1 144 0.000654 0.998764 1118376 1 1
600 1 144 0.000834 0.072052 1123096 1 1
600 1 144 0.000716 2.097903 1120784 1 1
600 3 211 0.001113 3.074580 1113528 1 1
600 3 211 0.001069 0.978931 1118320 1 1
600 3 210 0.001056 6.092966 1111136 1 1
600 3 211 0.001163 0.084259 1125592 1 1
600 3 211 0.001037 4.930395 1115924 1 1
600 3 211 0.000994 7.085986 1111176 1 1
600 3 211 0.001088 1.412483 1106336 1 1
600 3 210 0.001191 2.248889 1120612 1 1
600 3 211 0.001353 0.305064 1123184 1 1
600 3 211 0.001094 16.332454 1118404 1 1
600 3 211 0.001092 0.024449 1127896 1 1
600 3 210 0.001064 2.306279 1118384 1 1
600 3 211 0.001110 5.353622 1111096 1 1
600 3 211 0.001079 0.069122 1123192 1 1
600 3 211 0.001092 1.655228 1118324 1 1
600 3 211 0.001099 0.255082 1118372 1 1
600 3 211 0.000892 0.646989 1120780 1 1
600 3 211 0.001063 0.498364 1118316 1 1
600 3 210 0.001083 162.072375 1111200 1 1
600 3 210 0.001075 1.110974 1120792 1 1
600 4 339 0.001088 5.236141 1118364 1 1
600 4 338 0.001325 13.177172 1108716 1 1
600 4 339 0.001163 0.673012 1120676 1 1
600 4 339 0.001438 1.109979 1118348 1 1
600 4 339 0.001564 0.706354 1120680 1 1
600 4 339 0.001086 0.291909 1120816 1 1
600 4 339 0.001214 0.740762 1118348 1 1
600 4 339 0.001254 2.974187 1118484 1 1
600 4 338 0.001328 1.453578 1118288 1 1
600 4 339 0.001310 0.870988 1120828 1 1
600 4 339 0.001078 1.688145 1113596 1 1
600 4 339 0.001272 0.368583 1111140 1 1
600 4 339 0.001439 15.844142 1106360 1 1
600 4 339 0.001125 7.552364 1120700 1 1
600 4 339 0.001337 2.425642 1113456 1 1
600 4 339 0.001166 0.760206 1115940 1 1
600 4 339 0.001287 4.061764 1115956 1 1
600 4 339 0.001290 0.383479 1120668 1 1
600 4 211 0.001196 6.951285 1113556 1 1
600 4 339 0.001111 5.169629 1115952 1 1
600 6 339 0.001418 1.207969 1123236 1 1
600 6 339 0.001724 0.757338 1120524 1 1
600 6 339 0.001233 0.229806 1123028 1 1
600 6 339 0.001370 2.836737 1113648 1 1
600 6 339 0.001466 4.396625 1115848 1 1
600 6 339 0.001557 20.701134 1118304 1 1
600 6 338 0.001879 49.486003 1103956 1 1
600 6 339 0.001528 4.170845 1115900 1 1
600 6 339 0.001538 5.720919 1116068 1 1
600 6 339 0.001514 0.780629 1120676 1 1
600 6 338 0.001526 7.009869 1111120 1 1
600 6 339 0.001512 29.859898 1113516 1 1
600 6 338 0.001428 0.549041 1113636 1 1
600 6 338 0.001664 0.217944 1115984 1 1
600 6 339 0.001354 2.090752 1115948 1 1
600 6 339 0.001418 2.539756 1118360 1 1
600 6 339 0.001495 8.225097 1118356 1 1
600 6 338 0.001748 0.392884 1120680 1 1
600 6 339 0.001474 55.215155 1116024 1 1
600 6 338 0.001538 23.551460 1118432 1 1
600 7 591 0.002207 7.735069 1118196 1 1
600 7 590 0.001875 18.555166 1113636 1 1
600 7 339 0.001376 1.715230 1115868 1 1
600 7 591 0.001776 9.310870 1120732 1 1
600 7 591 0.001568 3.173358 1116092 1 1
600 7 591 0.001879 2.768944 1115976 1 1
600 7 591 0.001486 0.056302 1123016 1 1
600 7 591 0.001789 4.537025 1115872 1 1
600 7 591 0.001848 0.126650 1115848 1 1
600 7 591 0.001771 1.095070 1108724 1 1
600 7 590 0.001730 0.289117 1118380 1 1
600 7 590 0.001541 1.238502 1115804 1 1
600 7 591 0.001485 0.648091 1118312 1 1
600 7 591 0.001491 1.338693 1115864 1 1
600 7 590 0.001682 1.233608 1123324 1 1
600 7 339 0.001879 57.966276 1115780 1 1
600 7 591 0.001900 6.895941 1113488 1 1
600 7 589 0.001669 0.528141 1118196 1 1
600 7 591 0.001437 0.055717 1125764 1 1
600 7 591 0.001886 112.729130 1108760 1 1
600 9 591 0.002035 0.441512 1120636 1 1
600 9 591 0.003594 113.058316 0 1 0
600 9 590 0.002003 0.633731 1355042 1 1
600 9 591 0.002745 16.076871 1118204 1 1
600 9 591 0.002557 9.542969 1103968 1 1
600 9 591 0.004301 70.752629 0 1 0
600 9 591 0.001974 0.188755 1357382 1 1
600 9 590 0.001765 5.371722 1120720 1 1
600 9 591 0.002420 7.585591 1118380 1 1
600 9 591 0.002463 19.748970 1115740 1 1
600 9 591 0.003631 6.938920 1115980 1 1
600 9 591 0.001823 0.428725 1103916 1 1
600 9 590 0.002462 0.260888 1123344 1 1
600 9 590 0.002143 2.326016 1120688 1 1
600 9 590 0.002028 0.094332 1108652 1 1
600 9 591 0.002272 0.308683 1118416 1 1
600 9 591 0.002342 1.390788 1118348 1 1
600 9 591 0.003180 2.237153 1115904 1 1
600 9 591 0.002836 0.974406 1115972 1 1
600 9 591 0.003494 6.046626 1115876 1 1
