Str Size|Edit Diff|Comm (bits)|Time Set(s)|Time Str(s)|Space (bits)|Set Recon True|Str Recon True
400 1 6146 0.001063 0.012649 627796 1 1
400 2 8154 0.001355 0.013481 648284 1 1
400 3 11917 0.001181 0.023402 649868 1 1
400 4 13585 0.001535 0.018170 648288 1 1
400 5 12703 0.001593 0.013240 645120 1 1
400 6 16677 0.001439 0.012963 638812 1 1
400 7 15311 0.001440 0.013294 649864 1 1
600 1 7125 0.001250 0.045483 1120432 1 1
600 3 12078 0.001698 0.025726 1127620 1 1
600 4 15362 0.001530 0.079080 1122604 1 1
600 6 18969 0.001952 0.025604 1127572 1 1
600 7 22208 0.001867 0.076329 1115528 1 1
600 9 25030 0.002097 0.025800 1127812 1 1
600 10 24631 0.002098 0.094846 1120416 1 1
800 2 11961 0.001732 0.042798 1138244 1 1
800 4 13976 0.001655 0.073419 1131492 1 1
800 6 19820 0.002160 0.051366 1137948 1 1
800 8 30032 0.002321 0.152192 1125112 1 1
800 10 31540 0.002619 0.183139 1125412 1 1
800 12 41984 0.002750 0.103481 1130864 1 1
800 14 41721 0.003663 0.068360 1134508 1 1
1000 2 9004 0.001685 0.139318 1135748 1 1
1000 5 16174 0.002264 0.088989 1143980 1 1
1000 7 24257 0.002531 0.282085 1139732 1 1
1000 10 27978 0.002802 0.064725 1147856 1 1
1000 12 37042 0.003242 0.289623 1120052 1 1
1000 15 46773 0.003660 0.065090 1147752 1 1
1000 17 49466 0.003931 0.149627 1143672 1 1
1400 3 12271 0.002319 0.906084 1204064 1 1
1400 7 29372 0.003261 0.267518 1215660 1 1
1400 10 44110 0.003991 0.718045 1177528 1 1
1400 14 52747 0.004796 0.345608 1204420 1 1
1400 17 54642 0.005137 0.188381 1210652 1 1
1400 21 61988 0.005889 0.128774 1222324 1 1
1400 24 73780 0.006261 0.155838 1216324 1 1
1800 4 20131 0.003457 1.381075 1215984 1 1
1800 9 31386 0.004573 1.670442 1201544 1 1
1800 13 41734 0.005537 21.923517 1222456 1 1
1800 18 66421 0.006342 13.725418 1229968 1 1
1800 22 37035 0.070315 300.007167 0 1 1
1800 27 84953 0.008845 0.192810 1802394 1 1
1800 31 102196 0.009957 1.306332 1223504 1 1
2000 5 20465 0.003497 13.156898 1230276 1 1
2000 10 40521 0.080206 300.010477 0 1 1
2000 15 50179 0.006965 0.245016 1844894 1 1
2000 20 73807 0.008059 6.672829 1239652 1 1
2000 25 80743 0.009191 0.599742 1239244 1 1
2000 30 103237 0.010166 1.261735 1238944 1 1
2000 35 110372 0.012366 0.293873 1254948 1 1
