Str Size|Edit Diff|Comm (bits)|Time Set(s)|Time Str(s)|Space (bits)|Set Recon True|Str Recon True
400 1 542 0.001888 0.019164 651448 1 1
400 2 987 0.003003 0.018789 641972 1 1
400 3 987 0.002777 0.020396 645120 1 1
400 4 1870 0.003651 0.018702 651440 1 1
400 5 1871 0.004225 0.043670 662572 1 1
400 6 1871 0.004218 0.018220 635708 1 1
600 1 577 0.002314 0.043544 1125116 1 1
600 3 1053 0.003692 0.037010 1127432 1 1
600 4 2001 0.004176 0.035834 1127624 1 1
600 6 2001 0.004452 0.063780 1122844 1 1
600 7 2001 0.005699 0.064826 1125252 1 1
600 9 3893 0.007759 0.037593 1127620 1 1
800 2 1053 0.003308 0.077549 1122292 1 1
800 4 2001 0.004441 0.064812 1138116 1 1
800 6 2000 0.006050 0.108818 1128412 1 1
800 8 3893 0.008540 0.375703 1122088 1 1
800 10 3892 0.009640 0.071432 1131928 1 1
800 12 3893 0.008842 0.052573 1138148 1 1
1000 2 1053 0.002707 0.184973 1139772 1 1
1000 5 2001 0.004958 0.170768 1140088 1 1
1000 7 3893 0.007293 0.064269 1146332 1 1
1000 10 3893 0.009588 1.496974 1130996 1 1
1000 12 3893 0.009909 0.077568 1147852 1 1
1000 15 7673 0.014568 1.008190 1131920 1 1
