Str Size|Edit Diff|Comm (bits)|Time Set(s)|Time Str(s)|Space (bits)|Set Recon True|Str Recon True
100000 250 37332 0.020317 1
100000 250 40991 0.018986 1
100000 250 45506 0.019299 1
100000 250 40890 0.019307 1
100000 250 38052 0.018906 1
100000 250 44725 0.019888 1
100000 250 39223 0.019872 1
100000 250 34043 0.020166 1
100000 250 43074 0.019773 1
100000 250 45198 0.022519 1
100000 250 46125 0.020758 1
100000 250 41374 0.019864 1
100000 250 40033 0.022601 1
100000 250 45379 0.020255 1
100000 250 38893 0.023318 1
100000 250 44970 0.020773 1
100000 250 41154 0.021523 1
100000 250 49970 0.021196 1
100000 250 44885 0.020143 1
100000 250 51260 0.020514 1
100000 500 41057 0.020847 1
100000 500 50224 0.020842 1
100000 500 47825 0.021025 1
100000 500 45253 0.020766 1
100000 500 45473 0.020423 1
100000 500 40885 0.020127 1
100000 500 55412 0.020650 1
100000 500 49947 0.021031 1
100000 500 40184 0.020426 1
100000 500 38853 0.020270 1
100000 500 44877 0.020966 1
100000 500 38598 0.020975 1
100000 500 39967 0.020508 1
100000 500 46429 0.020246 1
100000 500 46474 0.023922 1
100000 500 36077 0.021573 1
100000 500 48709 0.021796 1
100000 500 41096 0.020933 1
100000 500 44211 0.020886 1
100000 500 46663 0.020730 1
100000 750 40889 0.021113 1
100000 750 167318 0.058361 1
100000 750 46907 0.020823 1
100000 750 57800 0.021959 1
100000 750 43180 0.020804 1
100000 750 51690 0.022142 1
100000 750 53261 0.021174 1
100000 750 46163 0.023404 1
100000 750 48443 0.022276 1
100000 750 49183 0.021899 1
100000 750 52366 0.020767 1
100000 750 58300 0.021054 1
100000 750 49036 0.020981 1
100000 750 45566 0.020258 1
100000 750 49276 0.020689 1
100000 750 51163 0.021126 1
100000 750 39693 0.020696 1
100000 750 46740 0.020311 1
100000 750 43591 0.022227 1
100000 750 49684 0.020984 1
100000 1000 55213 0.021547 1
100000 1000 44645 0.026711 1
100000 1000 46487 0.022067 1
100000 1000 166074 0.056637 1
100000 1000 53853 0.022082 1
100000 1000 51601 0.021400 1
100000 1000 48962 0.020439 1
100000 1000 49826 0.021105 1
100000 1000 50316 0.021392 1
100000 1000 46961 0.022195 1
100000 1000 56751 0.021171 1
100000 1000 68658 0.021860 1
100000 1000 45830 0.022412 1
100000 1000 53071 0.021026 1
100000 1000 45444 0.021067 1
100000 1000 47108 0.021450 1
100000 1000 45066 0.021187 1
100000 1000 49235 0.021111 1
100000 1000 44711 0.022015 1
100000 1000 45898 0.028215 1
100000 1250 50817 0.023654 1
100000 1250 48771 0.025316 1
100000 1250 45531 0.021655 1
100000 1250 52169 0.021166 1
100000 1250 47258 0.021758 1
100000 1250 55174 0.021967 1
100000 1250 44259 0.021455 1
100000 1250 46763 0.021248 1
100000 1250 40909 0.021458 1
100000 1250 167207 0.065074 1
100000 1250 44007 0.020532 1
100000 1250 57171 0.021175 1
100000 1250 41584 0.021333 1
100000 1250 43855 0.022027 1
100000 1250 52893 0.021598 1
100000 1250 43300 0.022160 1
100000 1250 50568 0.021509 1
100000 1250 48742 0.021881 1
100000 1250 56129 0.021608 1
100000 1250 38978 0.020629 1
100000 1500 47043 0.022199 1
100000 1500 50399 0.021633 1
100000 1500 45047 0.021642 1
100000 1500 53763 0.022525 1
100000 1500 46057 0.021754 1
100000 1500 45136 0.022387 1
100000 1500 51507 0.021989 1
100000 1500 50290 0.020374 1
100000 1500 45024 0.021213 1
100000 1500 50183 0.022134 1
100000 1500 52796 0.020479 1
100000 1500 51882 0.022495 1
100000 1500 44715 0.023261 1
100000 1500 51131 0.021452 1
100000 1500 58367 0.021347 1
100000 1500 44859 0.020104 1
100000 1500 46567 0.021980 1
100000 1500 44224 0.021228 1
100000 1500 59110 0.022386 1
100000 1500 46709 0.020713 1
400000 1000 46056 0.538245 1
400000 1000 47132 0.167146 1
400000 1000 50750 0.170184 1
400000 1000 44309 0.173629 1
400000 1000 49534 1.490075 1
400000 1000 45457 0.170339 1
400000 1000 46247 0.197856 1
400000 1000 67291 1.582606 1
400000 1000 55290 0.357063 0
400000 1000 46261 0.181332 1
400000 1000 47205 0.198538 1
400000 1000 59850 0.175599 1
400000 1000 59054 0.176123 1
400000 1000 60319 0.440213 0
400000 1000 49851 0.169737 1
400000 1000 55531 0.175103 1
400000 1000 42791 0.183549 1
400000 1000 45163 0.173839 1
400000 1000 46106 0.172862 1
400000 1000 46225 0.175061 1
400000 2000 53359 0.170519 1
400000 2000 53995 0.177040 1
400000 2000 56578 0.177306 1
400000 2000 67815 0.568913 1
400000 2000 51660 0.172249 1
400000 2000 608033 0.640551 1
400000 2000 50224 0.383613 1
400000 2000 48697 0.170682 1
400000 2000 47873 0.193547 1
400000 2000 55287 0.203839 1
400000 2000 49934 0.272636 1
400000 2000 51147 0.181957 1
400000 2000 51188 0.176736 1
400000 2000 45032 0.174102 1
400000 2000 48748 0.225726 1
400000 2000 49666 0.403960 1
400000 2000 53423 0.204791 1
400000 2000 52915 0.174391 1
400000 2000 68147 0.172702 1
400000 2000 50039 0.176909 1
400000 3000 62808 0.207224 1
400000 3000 64540 0.395128 0
400000 3000 57446 0.175878 1
400000 3000 67961 0.172212 1
400000 3000 53627 0.176928 1
400000 3000 63177 0.176932 1
400000 3000 52693 0.172637 1
400000 3000 72393 0.273705 1
400000 3000 67004 0.242930 1
400000 3000 58152 0.175007 1
400000 3000 53162 0.175966 1
400000 3000 70258 1.253340 1
400000 3000 49363 0.171867 1
400000 3000 58605 0.175059 1
400000 3000 54865 0.231371 1
400000 3000 59168 0.174524 1
400000 3000 54004 0.585387 1
400000 3000 52017 0.191791 1
400000 3000 57178 0.172035 1
400000 3000 61398 0.317928 0
400000 4000 70425 0.351792 1
400000 4000 64038 0.172866 1
400000 4000 83229 0.305789 1
400000 4000 63862 0.173324 1
400000 4000 69348 0.217493 1
400000 4000 63348 0.174541 1
400000 4000 64216 0.189130 1
400000 4000 55547 0.193565 1
400000 4000 57094 0.174739 1
400000 4000 60005 0.276747 1
400000 4000 65930 0.175688 1
400000 4000 57568 0.241922 1
400000 4000 70391 0.173880 1
400000 4000 58073 0.175995 1
400000 4000 59038 0.175968 1
400000 4000 55794 0.360409 1
400000 4000 66362 0.173600 1
400000 4000 67868 0.583759 0
400000 4000 64030 0.177531 1
400000 4000 64643 0.178000 1
400000 5000 68574 0.176953 1
400000 5000 70065 0.176018 1
400000 5000 60481 0.179041 1
400000 5000 64619 0.191930 1
400000 5000 67969 0.180832 1
400000 5000 65235 0.176553 1
400000 5000 76119 0.209279 1
400000 5000 70062 0.873757 1
400000 5000 63269 0.359464 1
400000 5000 59169 0.187600 1
400000 5000 67724 0.187668 1
400000 5000 77977 0.264758 1
400000 5000 71316 0.279687 1
400000 5000 65634 0.179944 1
400000 5000 55303 0.206643 1
400000 5000 55143 0.344917 1
400000 5000 61816 0.178971 1
400000 5000 70448 0.280287 1
400000 5000 75024 0.706144 0
400000 5000 64970 0.214586 1
400000 6000 90112 4.755542 0
400000 6000 87705 0.174993 1
400000 6000 70211 0.185568 1
400000 6000 69806 0.175849 1
400000 6000 69754 0.181484 1
400000 6000 80379 0.236484 1
400000 6000 72716 0.175228 1
400000 6000 77369 0.269584 1
400000 6000 74544 0.378380 1
400000 6000 71203 0.173905 1
400000 6000 77868 0.261099 1
400000 6000 83580 0.338032 1
400000 6000 75194 0.274089 1
400000 6000 73556 0.357019 1
400000 6000 75206 0.531970 1
400000 6000 85125 0.171801 1
400000 6000 67566 0.178432 1
400000 6000 85221 0.175054 1
400000 6000 68492 0.243628 1
400000 6000 77785 0.177668 1
800000 2000 45779 0.879523 1
800000 2000 48348 5.551142 1
800000 2000 44415 0.631270 1
800000 2000 50953 0.980955 1
800000 2000 54232 0.643691 1
800000 2000 50869 0.643782 1
800000 2000 70162 0.755862 1
800000 2000 44533 0.647409 1
800000 2000 50877 0.869665 1
800000 2000 49094 0.642114 1
800000 2000 49026 2.364041 1
800000 2000 77967 9.320030 1
800000 2000 49274 0.632891 1
800000 2000 51481 0.684101 1
800000 2000 72613 0.697446 1
800000 2000 66793 0.675626 1
800000 2000 54579 1.010199 1
800000 2000 53175 0.861118 1
800000 2000 51435 2.304382 1
800000 2000 40144 0.840523 1
800000 4000 56723 0.703218 1
800000 4000 53162 4.574594 1
800000 4000 60746 7.386416 1
800000 4000 57924 0.677219 1
800000 4000 65246 0.777018 1
800000 4000 64653 38.951427 0
800000 4000 60720 17.633658 1
800000 4000 60832 5.409573 1
800000 4000 64642 5.527644 1
800000 4000 59367 8.752280 1
800000 4000 55417 0.759753 1
800000 4000 65064 0.773118 1
800000 4000 70782 3.126586 1
800000 4000 62234 12.660979 1
800000 4000 80109 3.994816 1
800000 4000 62495 0.655996 1
800000 4000 59679 0.652329 1
800000 4000 65164 1.032343 1
800000 4000 57680 0.638401 1
800000 4000 58535 0.654561 1
800000 6000 72034 4.382138 1
800000 6000 62798 4.366475 1
800000 6000 71174 1.791407 1
800000 6000 87622 0.642321 1
800000 6000 56539 0.829565 1
800000 6000 62675 0.803938 1
800000 6000 71377 7.632664 1
800000 6000 70889 0.627905 1
800000 6000 68497 1.075466 1
800000 6000 88470 0.929783 1
800000 6000 83278 0.839498 1
800000 6000 81552 0.635315 1
800000 6000 73663 0.745317 1
800000 6000 68632 0.702439 1
800000 6000 86034 2.384761 1
800000 6000 69523 0.675256 1
800000 6000 65006 1.051826 1
800000 6000 82489 0.644389 1
800000 6000 72329 0.652808 1
800000 6000 65412 7.891267 1
800000 8000 94777 0.765339 1
800000 8000 79149 47.483244 1
800000 8000 83250 5.746030 1
800000 8000 86334 22.216573 0
800000 8000 86893 0.804419 1
800000 8000 89002 0.635126 1
800000 8000 106045 30.952231 0
800000 8000 95304 7.355661 1
800000 8000 77237 31.359361 1
800000 8000 78825 0.862707 1
800000 8000 80585 13.983824 1
800000 8000 90958 8.209279 1
800000 8000 97034 4.490724 0
800000 8000 107782 0.798480 1
800000 8000 77537 4.637464 1
800000 8000 98306 0.645589 1
800000 8000 84503 5.474927 1
800000 8000 79304 0.797762 1
800000 8000 85089 0.853886 1
800000 8000 92191 0.686786 1
800000 10000 86515 3.555844 1
800000 10000 75889 0.841888 1
800000 10000 103738 0.647971 1
800000 10000 82329 0.819361 1
800000 10000 94733 12.112326 1
800000 10000 109473 6.858787 1
800000 10000 88856 0.641298 1
800000 10000 99078 0.796923 1
800000 10000 108138 0.846646 1
800000 10000 103227 0.860975 1
800000 10000 89010 2.131234 1
800000 10000 106216 0.642913 1
800000 10000 110351 1.009630 1
800000 10000 95767 0.950664 1
800000 10000 93418 0.627080 1
800000 10000 90864 5.906884 1
800000 10000 97599 0.641732 1
800000 10000 83570 0.646526 1
800000 10000 108501 0.709285 1
800000 10000 95056 0.654859 1
800000 12000 104498 0.671496 1
800000 12000 112420 9.420111 1
800000 12000 108042 0.997948 1
800000 12000 106294 0.887970 1
800000 12000 111282 1.867345 1
800000 12000 103080 0.820112 1
800000 12000 111103 0.650574 1
800000 12000 1192479 2.406511 1
800000 12000 96766 0.901188 1
800000 12000 95964 0.650149 1
800000 12000 103294 9.494364 1
800000 12000 101060 2.095063 1
800000 12000 117736 0.841117 1
800000 12000 105729 0.016192 0
800000 12000 119744 4.765500 0
800000 12000 114386 0.830207 1
800000 12000 109512 0.655169 1
800000 12000 100454 31.371585 1
800000 12000 93823 0.782270 1
800000 12000 107916 0.814616 1
1000000 2500 55599 1.291543 1
1000000 2500 52958 41.162789 1
1000000 2500 51108 1.246886 1
1000000 2500 53087 1.165621 1
1000000 2500 69037 1.000064 1
1000000 2500 59213 13.287885 1
1000000 2500 55234 1.245872 1
1000000 2500 54464 1.255372 1
1000000 2500 56623 1.303984 1
1000000 2500 58562 1.174865 1
1000000 2500 53180 1.098547 1
1000000 2500 74525 63.537124 1
1000000 2500 55734 32.808901 1
1000000 2500 56811 1.451634 1
1000000 2500 54796 1.446263 1
1000000 2500 54861 0.016343 0
1000000 2500 47478 1.470286 1
1000000 2500 72319 1.281111 1
1000000 2500 55943 34.879072 1
1000000 2500 56478 12.405182 1
1000000 5000 76072 1.412899 1
1000000 5000 58329 36.298682 1
1000000 5000 70149 32.869981 1
1000000 5000 74713 1.110517 1
1000000 5000 103668 239.594210 0
1000000 5000 58249 1.232914 1
1000000 5000 62759 1.012400 1
1000000 5000 54409 1.385552 1
1000000 5000 86793 1.246794 1
1000000 5000 58047 0.017190 0
1000000 5000 74302 1.078119 1
1000000 5000 66680 1.110450 1
1000000 5000 65798 1.006244 1
1000000 5000 70336 1.024942 1
1000000 5000 58372 1.451713 1
1000000 5000 77095 1.189081 1
1000000 5000 74624 1.479153 1
1000000 5000 53030 1.115112 1
1000000 5000 70393 1.008898 1
1000000 5000 73499 0.017360 0
1000000 7500 78683 0.016960 0
1000000 7500 86560 36.059360 1
1000000 7500 79600 10.659588 1
1000000 7500 82030 1.258639 1
1000000 7500 68839 28.313073 1
1000000 7500 73274 1.129452 1
1000000 7500 89695 1.226631 1
1000000 7500 74743 1.028905 1
1000000 7500 75116 1.425440 1
1000000 7500 87154 25.369165 1
1000000 7500 66757 1.023393 1
1000000 7500 101848 91.858487 1
1000000 7500 87521 31.652514 1
1000000 7500 74519 1.067669 1
1000000 7500 92037 1.427138 1
1000000 7500 78913 1.246293 1
1000000 7500 92209 1.243582 1
1000000 7500 86633 1.374184 1
1000000 7500 92445 107.072628 1
1000000 7500 80299 1.130917 1
1000000 10000 86970 1.277172 1
1000000 10000 80236 1.094581 1
1000000 10000 105215 1.093534 1
1000000 10000 93872 1.118948 1
1000000 10000 102088 1.229616 1
1000000 10000 86543 1.074123 1
1000000 10000 102979 0.018503 0
1000000 10000 95421 10.225321 1
1000000 10000 94679 1.228922 1
1000000 10000 103802 29.218308 1
1000000 10000 103706 1.028313 1
1000000 10000 117312 1.196475 1
1000000 10000 94958 1.249418 1
1000000 10000 113906 33.383345 1
1000000 10000 101164 1.014902 1
1000000 10000 96991 1.125582 1
1000000 10000 100129 10.965277 1
1000000 10000 104636 1.286566 1
1000000 10000 118315 0.019448 0
1000000 10000 101706 1.243644 1
1000000 12500 103219 0.018252 0
1000000 12500 102222 1.028898 1
1000000 12500 100501 1.237258 1
1000000 12500 97434 1.301515 1
1000000 12500 101925 39.310635 1
1000000 12500 113168 1.172948 1
1000000 12500 102807 8.947012 1
1000000 12500 114163 9.527623 1
1000000 12500 126491 148.471317 1
1000000 12500 98305 1.054731 1
1000000 12500 104278 3.020633 0
1000000 12500 138425 137.872393 0
1000000 12500 99283 11.487251 1
1000000 12500 104399 1.049675 1
1000000 12500 120795 33.027389 1
1000000 12500 125322 1.078388 1
1000000 12500 97054 27.776667 1
1000000 12500 120047 39.801425 1
1000000 12500 111541 10.833743 1
1000000 12500 121515 2.113616 1
1000000 15000 111423 12.742175 1
1000000 15000 129142 1.083211 1
1000000 15000 123875 1.014395 1
1000000 15000 122263 9.578283 1
1000000 15000 120483 10.917064 1
1000000 15000 118553 1.133766 1
1000000 15000 122869 1.780388 0
1000000 15000 122429 1.377665 1
1000000 15000 117354 1.150115 1
1000000 15000 124289 1.279881 1
1000000 15000 127621 1.119680 1
1000000 15000 116827 1.254739 1
1000000 15000 116325 1.261210 1
1000000 15000 126719 40.589230 1
1000000 15000 148762 0.020379 0
1000000 15000 124295 1.164896 1
1000000 15000 114926 41.464172 1
1000000 15000 120930 1.258406 1
1000000 15000 125694 0.017828 0
1000000 15000 119592 1.385151 1
1400000 3500 55156 0.021239 0
1400000 3500 61313 0.021226 0
1400000 3500 53444 33.966054 1
1400000 3500 54971 17.883310 1
1400000 3500 67758 0.022071 0
1400000 3500 67763 19.932853 1
1400000 3500 74362 2.519497 1
1400000 3500 53853 2.490562 1
1400000 3500 53340 18.067099 1
1400000 3500 82008 0.022338 0
1400000 3500 52855 0.021478 0
1400000 3500 61128 18.621276 1
1400000 3500 63670 2.508811 1
1400000 3500 58503 2.473237 1
1400000 3500 50870 144.633433 1
1400000 3500 69506 9.074466 0
1400000 3500 63818 2.602812 1
1400000 3500 79122 300.146173 0
1400000 3500 54719 2.429775 1
1400000 3500 75564 17.714036 1
1400000 7000 71392 2.651478 1
1400000 7000 77427 20.095759 1
1400000 7000 78168 2.594304 1
1400000 7000 87823 0.023613 0
1400000 7000 82126 20.395572 1
1400000 7000 78732 0.024609 0
1400000 7000 66020 120.347040 0
1400000 7000 84094 2.502482 1
1400000 7000 68744 2.575919 1
1400000 7000 88579 0.023954 0
1400000 7000 62630 17.993863 1
1400000 7000 88124 0.022880 0
1400000 7000 83842 17.055079 1
1400000 7000 72458 0.022855 0
1400000 7000 88762 2.343732 1
1400000 7000 79540 2.386998 1
1400000 7000 75729 2.639918 1
1400000 7000 83077 0.022942 0
1400000 7000 86343 20.077262 1
1400000 7000 87205 0.022861 0
1400000 10500 95408 16.187625 1
1400000 10500 107059 29.643148 1
1400000 10500 108691 16.020248 1
1400000 10500 2021092 0.136589 0
1400000 10500 102527 19.853142 1
1400000 10500 95425 0.022915 0
1400000 10500 77052 0.022702 0
1400000 10500 107753 31.122858 1
1400000 10500 112331 0.023068 0
1400000 10500 117397 0.023629 0
1400000 10500 94947 0.022703 0
1400000 10500 105164 2.357323 1
1400000 10500 87223 4.948497 0
1400000 10500 103042 16.943923 1
1400000 10500 108594 0.023513 0
1400000 10500 100560 16.960581 1
1400000 10500 104093 15.096621 1
1400000 10500 99522 0.023627 0
1400000 10500 105874 13.911492 1
1400000 10500 99294 0.023388 0
1400000 14000 112318 17.900925 1
1400000 14000 111143 0.024112 0
1400000 14000 107641 3.628112 1
1400000 14000 103127 0.023572 0
1400000 14000 113613 2.677265 1
1400000 14000 124310 0.024254 0
1400000 14000 129680 0.025047 0
1400000 14000 109920 2.599568 1
1400000 14000 148069 0.025628 0
1400000 14000 121604 2.601970 1
1400000 14000 118707 0.024818 0
1400000 14000 110393 14.475037 1
1400000 14000 110219 13.953847 1
1400000 14000 118422 19.877739 1
1400000 14000 113361 2.430281 1
1400000 14000 110094 11.611269 0
1400000 14000 107889 2.346176 1
1400000 14000 115514 300.159985 0
1400000 14000 113787 0.025194 0
1400000 14000 120917 18.194624 1
1400000 17500 133647 2.578812 1
1400000 17500 133936 2.363414 1
1400000 17500 121471 2.499254 1
1400000 17500 156255 0.025273 0
1400000 17500 131574 0.024606 0
1400000 17500 133280 5.158013 0
1400000 17500 136246 20.161266 1
1400000 17500 126215 2.416671 1
1400000 17500 146165 16.668602 1
1400000 17500 137155 2.614275 1
1400000 17500 132458 2.066929 1
1400000 17500 168264 7.608938 0
1400000 17500 119320 2.326713 1
1400000 17500 133776 13.859160 1
1400000 17500 128570 2.494193 1
1400000 17500 133815 2.676617 1
1400000 17500 123866 2.331999 1
1400000 17500 131817 2.549674 1
1400000 17500 121487 0.025761 0
1400000 17500 131033 48.767963 1
1400000 21000 140123 6.775709 0
1400000 21000 144532 0.026211 0
1400000 21000 148064 0.025547 0
1400000 21000 145410 2.625200 1
1400000 21000 140866 2.547767 1
1400000 21000 139221 14.867783 1
1400000 21000 137711 0.026319 0
1400000 21000 129785 0.024813 0
1400000 21000 142808 2.389450 1
1400000 21000 141732 0.026689 0
1400000 21000 140951 2.428323 1
1400000 21000 161172 12.202462 1
1400000 21000 139040 7.236176 1
1400000 21000 135320 0.027240 0
1400000 21000 137551 2.678497 1
1400000 21000 144090 2.472940 1
1400000 21000 159128 0.026114 0
1400000 21000 127207 0.025388 0
1400000 21000 137935 2.354928 1
1400000 21000 141202 0.024663 0
